1743778282841 0.0 9
1743778287347 0.0 19
1743778292034 0.0 29
1743778297263 0.0 39
1743778302346 0.0 49
1743778309255 0.0 59
1743778314460 0.0 69
1743778319407 0.0 79
1743778324256 0.0 89
1743778328901 0.0 99
1743778334306 0.0 109
1743778341390 0.0 119
1743778346106 0.0 129
1743778350642 0.0 139
1743778355656 0.0 149
1743778360483 0.0 159
1743778364787 0.0 169
1743778369073 0.0 179
1743778374725 0.0 189
1743778379418 0.0 199
1743778383820 0.0 209
1743778388267 0.0 219
1743778392533 0.0 229
1743778397049 0.0 239
1743778401714 0.0 249
1743778407640 0.0 259
1743778412379 0.0 269
1743778417094 0.0 279
1743778421640 0.0 289
1743778425846 0.0 299
1743778430381 0.0 309
1743778434827 0.0 319
1743778440729 0.0 329
1743778445086 0.0 339
1743778449597 0.0 349
1743778454496 0.0 359
1743778459465 0.0 369
1743778464713 0.0 379
1743778469497 0.0 389
1743778475894 0.0 399
1743778480854 0.0 409
1743778485732 0.0 419
1743778490739 0.0 429
1743778495389 0.0 439
1743778500286 0.0 449
1743778505046 0.0 459
1743778511157 0.0 469
1743778516129 0.0 479
1743778521025 0.0 489
1743778525800 0.0 499
1743778530522 0.0 509
1743778535163 0.0 519
1743778539963 0.0 529
1743778545730 0.0 539
1743778550063 0.0 549
1743778554296 0.0 559
1743778558595 0.0 569
1743778563054 0.0 579
1743778567316 0.0 589
1743778571525 0.0 599
1743778577317 0.0 609
1743778581675 0.0 619
1743778583787 0.0 623
1743778585040 0.0 623
1743778587939 1.0 629
1743778592436 1.0 639
1743778596919 1.0 649
1743778601341 1.0 659
1743778605644 1.0 669
1743778611385 1.0 679
1743778615779 1.0 689
1743778620002 1.0 699
1743778624157 1.0 709
1743778628187 1.0 719
1743778632828 1.0 729
1743778637414 1.0 739
1743778643483 1.0 749
1743778648196 1.0 759
1743778652783 1.0 769
1743778657374 1.0 779
1743778661789 1.0 789
1743778666017 1.0 799
1743778670318 1.0 809
1743778674410 1.0 819
1743778678766 1.0 829
1743778683206 1.0 839
1743778687620 1.0 849
1743778694380 1.0 859
1743778699340 1.0 869
1743778704401 1.0 879
1743778709218 1.0 889
1743778714093 1.0 899
1743778718884 1.0 909
1743778723761 1.0 919
1743778730113 1.0 929
1743778734792 1.0 939
1743778739515 1.0 949
