1743778282841 65.04947662353516 9
1743778287347 52.07845687866211 19
1743778292034 64.60176849365234 29
1743778297263 51.3025016784668 39
1743778302346 49.58612060546875 49
1743778309255 46.47285842895508 59
1743778314460 42.40849304199219 69
1743778319407 41.14296340942383 79
1743778324256 40.5197639465332 89
1743778328901 33.113162994384766 99
1743778334306 38.773223876953125 109
1743778341390 47.334049224853516 119
1743778346106 31.916748046875 129
1743778350642 42.40321731567383 139
1743778355656 31.156814575195312 149
1743778360483 25.575347900390625 159
1743778364787 32.29227828979492 169
1743778369073 22.264190673828125 179
1743778374725 47.918060302734375 189
1743778379418 25.397024154663086 199
1743778383820 28.540428161621094 209
1743778388267 27.37554359436035 219
1743778392533 26.385881423950195 229
1743778397049 25.359342575073242 239
1743778401714 35.04237747192383 249
1743778407640 32.552154541015625 259
1743778412379 25.035003662109375 269
1743778417094 31.45115852355957 279
1743778421640 28.492883682250977 289
1743778425846 26.139381408691406 299
1743778430381 25.130434036254883 309
1743778434827 25.024072647094727 319
1743778440729 24.05725860595703 329
1743778445086 21.737009048461914 339
1743778449597 29.598295211791992 349
1743778454496 21.89862060546875 359
1743778459465 20.914243698120117 369
1743778464713 21.79341697692871 379
1743778469497 26.2236328125 389
1743778475894 28.134485244750977 399
1743778480854 20.191511154174805 409
1743778485732 27.483572006225586 419
1743778490739 24.290557861328125 429
1743778495389 21.216697692871094 439
1743778500286 23.36762046813965 449
1743778505046 25.769493103027344 459
1743778511157 26.848709106445312 469
1743778516129 20.949310302734375 479
1743778521025 21.10622787475586 489
1743778525800 20.0152530670166 499
1743778530522 19.755447387695312 509
1743778535163 19.320741653442383 519
1743778539963 28.1164608001709 529
1743778545730 31.250572204589844 539
1743778550063 32.65401077270508 549
1743778554296 22.742746353149414 559
1743778558595 22.684385299682617 569
1743778563054 21.95006561279297 579
1743778567316 23.355316162109375 589
1743778571525 19.766687393188477 599
1743778577317 21.530176162719727 609
1743778581675 20.81911849975586 619
1743778587939 24.634702682495117 629
1743778592436 22.59209632873535 639
1743778596919 21.264596939086914 649
1743778601341 22.391393661499023 659
1743778605644 28.15437126159668 669
1743778611385 23.22943687438965 679
1743778615779 19.470155715942383 689
1743778620002 21.4393367767334 699
1743778624157 25.866628646850586 709
1743778628187 20.93976593017578 719
1743778632828 24.390310287475586 729
1743778637414 20.43359375 739
1743778643483 20.56661033630371 749
1743778648196 26.85254669189453 759
1743778652783 21.9224910736084 769
1743778657374 21.42388916015625 779
1743778661789 20.31989860534668 789
1743778666017 18.507875442504883 799
1743778670318 19.957033157348633 809
1743778674410 18.704727172851562 819
1743778678766 18.4227352142334 829
1743778683206 22.191919326782227 839
1743778687620 17.043542861938477 849
1743778694380 18.01141929626465 859
1743778699340 20.844404220581055 869
1743778704401 25.77303123474121 879
1743778709218 18.81183433532715 889
1743778714093 21.69038963317871 899
1743778718884 18.58332633972168 909
1743778723761 19.596923828125 919
1743778730113 24.3248233795166 929
1743778734792 19.252674102783203 939
1743778739515 19.449411392211914 949
