1743778783149 0.0 9
1743778787179 0.0 19
1743778791092 0.0 29
1743778795978 0.0 39
1743778799680 0.0 49
1743778803349 0.0 59
1743778807199 0.0 69
1743778811244 0.0 79
1743778815272 0.0 89
1743778819290 0.0 99
1743778823456 0.0 109
1743778829735 0.0 119
1743778833776 0.0 129
1743778837839 0.0 139
1743778842006 0.0 149
1743778846153 0.0 159
1743778850054 0.0 169
1743778854360 0.0 179
1743778858578 0.0 189
1743778864616 0.0 199
1743778868524 0.0 209
1743778872859 0.0 219
1743778876940 0.0 229
1743778881201 0.0 239
1743778885198 0.0 249
1743778889495 0.0 259
1743778895199 0.0 269
1743778899360 0.0 279
1743778903820 0.0 289
1743778908070 0.0 299
1743778912232 0.0 309
1743778916397 0.0 319
1743778920650 0.0 329
1743778924613 0.0 339
1743778930251 0.0 349
1743778934660 0.0 359
1743778939163 0.0 369
1743778943966 0.0 379
1743778948935 0.0 389
1743778953917 0.0 399
1743778958140 0.0 409
1743778964247 0.0 419
1743778968595 0.0 429
1743778973088 0.0 439
1743778977216 0.0 449
1743778981598 0.0 459
1743778985675 0.0 469
1743778990086 0.0 479
1743778994334 0.0 489
1743779000238 0.0 499
1743779004706 0.0 509
1743779009095 0.0 519
1743779013585 0.0 529
1743779018118 0.0 539
1743779022592 0.0 549
1743779026347 0.0 559
1743779032207 0.0 569
1743779036221 0.0 579
1743779040640 0.0 589
1743779044824 0.0 599
1743779049156 0.0 609
1743779053581 0.0 619
1743779055826 0.0 623
1743779056906 0.0 623
1743779059696 1.0 629
1743779066059 1.0 639
1743779070760 1.0 649
1743779075311 1.0 659
1743779079815 1.0 669
1743779083962 1.0 679
1743779088425 1.0 689
1743779092420 1.0 699
1743779096389 1.0 709
1743779101986 1.0 719
1743779105906 1.0 729
1743779109772 1.0 739
1743779113928 1.0 749
1743779118120 1.0 759
1743779122479 1.0 769
1743779126565 1.0 779
1743779132553 1.0 789
1743779136711 1.0 799
1743779141217 1.0 809
1743779145237 1.0 819
1743779149439 1.0 829
1743779153648 1.0 839
1743779158044 1.0 849
1743779161930 1.0 859
1743779167612 1.0 869
1743779171749 1.0 879
1743779176619 1.0 889
1743779181204 1.0 899
1743779186067 1.0 909
1743779191332 1.0 919
1743779196291 1.0 929
1743779202582 1.0 939
1743779207227 1.0 949
1743779211644 1.0 959
1743779216217 1.0 969
1743779220851 1.0 979
1743779225347 1.0 989
1743779230028 1.0 999
1743779235879 1.0 1009
1743779240394 1.0 1019
1743779244874 1.0 1029
1743779249221 1.0 1039
1743779254030 1.0 1049
1743779258773 1.0 1059
1743779262931 1.0 1069
1743779268822 1.0 1079
1743779272996 1.0 1089
1743779277034 1.0 1099
1743779280695 1.0 1109
1743779284799 1.0 1119
1743779288773 1.0 1129
1743779292385 1.0 1139
1743779296517 1.0 1149
1743779300538 1.0 1159
1743779306415 1.0 1169
1743779310440 1.0 1179
1743779314248 1.0 1189
1743779318085 1.0 1199
1743779321755 1.0 1209
1743779325583 1.0 1219
1743779329561 1.0 1229
1743779333746 1.0 1239
1743779337247 1.0 1247
1743779338439 1.0 1247
1743779339361 2.0 1249
1743779343472 2.0 1259
1743779347550 2.0 1269
1743779353705 2.0 1279
1743779357962 2.0 1289
1743779362075 2.0 1299
1743779366091 2.0 1309
1743779370198 2.0 1319
1743779374197 2.0 1329
1743779378361 2.0 1339
1743779382500 2.0 1349
1743779388308 2.0 1359
1743779392575 2.0 1369
1743779396817 2.0 1379
1743779400869 2.0 1389
1743779405112 2.0 1399
1743779409695 2.0 1409
1743779414556 2.0 1419
1743779420506 2.0 1429
1743779425121 2.0 1439
1743779429231 2.0 1449
1743779433273 2.0 1459
1743779437528 2.0 1469
1743779441744 2.0 1479
1743779446107 2.0 1489
1743779450356 2.0 1499
1743779456833 2.0 1509
1743779461389 2.0 1519
1743779465560 2.0 1529
1743779469881 2.0 1539
1743779474142 2.0 1549
1743779478939 2.0 1559
1743779483343 2.0 1569
1743779489855 2.0 1579
1743779494591 2.0 1589
1743779499122 2.0 1599
1743779503637 2.0 1609
1743779507822 2.0 1619
1743779512080 2.0 1629
1743779516375 2.0 1639
1743779521555 2.0 1649
1743779525563 2.0 1659
1743779529314 2.0 1669
1743779533456 2.0 1679
1743779537476 2.0 1689
1743779541651 2.0 1699
1743779546010 2.0 1709
1743779550250 2.0 1719
1743779556129 2.0 1729
1743779560400 2.0 1739
1743779564287 2.0 1749
1743779568351 2.0 1759
1743779572050 2.0 1769
1743779575968 2.0 1779
1743779580146 2.0 1789
1743779584221 2.0 1799
1743779589587 2.0 1809
1743779593542 2.0 1819
1743779597703 2.0 1829
1743779601972 2.0 1839
1743779606422 2.0 1849
1743779610704 2.0 1859
1743779614892 2.0 1869
1743779616072 2.0 1871
1743779617579 2.0 1871
1743779622612 3.0 1879
1743779626983 3.0 1889
1743779631502 3.0 1899
1743779635606 3.0 1909
1743779639609 3.0 1919
1743779643666 3.0 1929
1743779647518 3.0 1939
1743779651818 3.0 1949
1743779657689 3.0 1959
1743779662403 3.0 1969
1743779667213 3.0 1979
1743779671884 3.0 1989
1743779676453 3.0 1999
1743779681029 3.0 2009
1743779685126 3.0 2019
1743779690716 3.0 2029
1743779695080 3.0 2039
1743779699259 3.0 2049
1743779703486 3.0 2059
1743779707797 3.0 2069
1743779711987 3.0 2079
1743779716310 3.0 2089
1743779720904 3.0 2099
1743779726761 3.0 2109
1743779731148 3.0 2119
1743779735879 3.0 2129
1743779740483 3.0 2139
1743779744508 3.0 2149
1743779748352 3.0 2159
1743779752346 3.0 2169
1743779757694 3.0 2179
1743779761606 3.0 2189
1743779765471 3.0 2199
1743779769419 3.0 2209
1743779773689 3.0 2219
1743779778069 3.0 2229
1743779782356 3.0 2239
1743779786530 3.0 2249
1743779792497 3.0 2259
1743779797087 3.0 2269
1743779801545 3.0 2279
1743779805489 3.0 2289
1743779809341 3.0 2299
1743779813188 3.0 2309
1743779817125 3.0 2319
1743779820960 3.0 2329
1743779826223 3.0 2339
1743779830051 3.0 2349
1743779834190 3.0 2359
1743779838389 3.0 2369
1743779842516 3.0 2379
1743779846690 3.0 2389
1743779850951 3.0 2399
1743779855015 3.0 2409
1743779860590 3.0 2419
1743779864746 3.0 2429
1743779869007 3.0 2439
1743779872996 3.0 2449
1743779877274 3.0 2459
1743779881282 3.0 2469
1743779885653 3.0 2479
1743779891407 3.0 2489
1743779894421 3.0 2495
1743779895776 3.0 2495
1743779897848 4.0 2499
1743779902678 4.0 2509
1743779907339 4.0 2519
1743779912376 4.0 2529
1743779917405 4.0 2539
1743779921820 4.0 2549
1743779927680 4.0 2559
1743779932099 4.0 2569
1743779936380 4.0 2579
1743779940573 4.0 2589
1743779944872 4.0 2599
1743779949113 4.0 2609
1743779953499 4.0 2619
1743779959619 4.0 2629
1743779964059 4.0 2639
1743779968130 4.0 2649
1743779972468 4.0 2659
1743779977263 4.0 2669
1743779981757 4.0 2679
1743779986137 4.0 2689
1743779990810 4.0 2699
1743779996934 4.0 2709
1743780001490 4.0 2719
1743780006022 4.0 2729
1743780010835 4.0 2739
1743780015632 4.0 2749
1743780020708 4.0 2759
1743780026980 4.0 2769
1743780031675 4.0 2779
1743780035967 4.0 2789
1743780040226 4.0 2799
1743780044345 4.0 2809
1743780048512 4.0 2819
