1743778783149 58.47477340698242 9
1743778787179 61.7954216003418 19
1743778791092 73.1722640991211 29
1743778795978 60.29573440551758 39
1743778799680 63.57326126098633 49
1743778803349 59.60824203491211 59
1743778807199 77.58980560302734 69
1743778811244 50.33988952636719 79
1743778815272 54.435420989990234 89
1743778819290 67.6251449584961 99
1743778823456 61.68580627441406 109
1743778829735 52.703922271728516 119
1743778833776 54.5867805480957 129
1743778837839 56.59970474243164 139
1743778842006 65.48391723632812 149
1743778846153 41.269012451171875 159
1743778850054 53.80462646484375 169
1743778854360 56.6103630065918 179
1743778858578 58.867706298828125 189
1743778864616 49.7377815246582 199
1743778868524 48.65736770629883 209
1743778872859 53.09538650512695 219
1743778876940 58.87667465209961 229
1743778881201 43.3381233215332 239
1743778885198 46.64228439331055 249
1743778889495 59.689056396484375 259
1743778895199 44.01375961303711 269
1743778899360 48.18551254272461 279
1743778903820 41.11870574951172 289
1743778908070 47.740875244140625 299
1743778912232 55.63277816772461 309
1743778916397 44.939998626708984 319
1743778920650 48.872650146484375 329
1743778924613 49.23310470581055 339
1743778930251 42.370784759521484 349
1743778934660 47.77975082397461 359
1743778939163 43.601776123046875 369
1743778943966 52.940826416015625 379
1743778948935 48.683441162109375 389
1743778953917 41.777957916259766 399
1743778958140 44.57958984375 409
1743778964247 33.892356872558594 419
1743778968595 48.886295318603516 429
1743778973088 46.134334564208984 439
1743778977216 33.5605354309082 449
1743778981598 45.12894821166992 459
1743778985675 44.59624099731445 469
1743778990086 33.54719924926758 479
1743778994334 40.68583679199219 489
1743779000238 39.260887145996094 499
1743779004706 36.871402740478516 509
1743779009095 45.45741271972656 519
1743779013585 49.86141586303711 529
1743779018118 28.83380126953125 539
1743779022592 41.05447006225586 549
1743779026347 37.77689743041992 559
1743779032207 28.716941833496094 569
1743779036221 41.27583694458008 579
1743779040640 30.302331924438477 589
1743779044824 50.83984375 599
1743779049156 34.46320724487305 609
1743779053581 49.5709228515625 619
1743779059696 42.5939826965332 629
1743779066059 37.01786804199219 639
1743779070760 51.29597091674805 649
1743779075311 38.661136627197266 659
1743779079815 27.535537719726562 669
1743779083962 38.55498123168945 679
1743779088425 39.984066009521484 689
1743779092420 39.524227142333984 699
1743779096389 34.44929122924805 709
1743779101986 37.343387603759766 719
1743779105906 28.718231201171875 729
1743779109772 31.02758026123047 739
1743779113928 33.64377212524414 749
1743779118120 44.86433410644531 759
1743779122479 37.156982421875 769
1743779126565 37.06864547729492 779
1743779132553 42.603912353515625 789
1743779136711 29.2453556060791 799
1743779141217 34.388526916503906 809
1743779145237 36.32413101196289 819
1743779149439 36.586517333984375 829
1743779153648 25.152944564819336 839
1743779158044 44.76519775390625 849
1743779161930 29.308242797851562 859
1743779167612 43.25357437133789 869
1743779171749 33.54867935180664 879
1743779176619 32.07489776611328 889
1743779181204 37.49945831298828 899
1743779186067 32.14979934692383 909
1743779191332 37.81210708618164 919
1743779196291 25.255233764648438 929
1743779202582 40.135101318359375 939
1743779207227 36.622928619384766 949
1743779211644 36.48488235473633 959
1743779216217 27.71647071838379 969
1743779220851 29.867956161499023 979
1743779225347 31.221826553344727 989
1743779230028 41.76983642578125 999
1743779235879 29.473953247070312 1009
1743779240394 31.61022186279297 1019
1743779244874 37.29359817504883 1029
1743779249221 32.36793518066406 1039
1743779254030 32.896671295166016 1049
1743779258773 44.495269775390625 1059
1743779262931 34.075927734375 1069
1743779268822 39.420814514160156 1079
1743779272996 33.956783294677734 1089
1743779277034 37.96535110473633 1099
1743779280695 30.05336570739746 1109
1743779284799 23.371461868286133 1119
1743779288773 30.25254249572754 1129
1743779292385 32.245792388916016 1139
1743779296517 32.37139129638672 1149
1743779300538 27.58158302307129 1159
1743779306415 31.749475479125977 1169
1743779310440 27.523324966430664 1179
1743779314248 29.96630859375 1189
1743779318085 32.72604751586914 1199
1743779321755 30.989730834960938 1209
1743779325583 23.866220474243164 1219
1743779329561 33.187530517578125 1229
1743779333746 40.12318420410156 1239
1743779339361 22.10120964050293 1249
1743779343472 32.23860549926758 1259
1743779347550 34.89851760864258 1269
1743779353705 35.944034576416016 1279
1743779357962 25.458364486694336 1289
1743779362075 23.139503479003906 1299
1743779366091 47.764678955078125 1309
1743779370198 37.23631286621094 1319
1743779374197 28.52741241455078 1329
1743779378361 30.352136611938477 1339
1743779382500 28.0527286529541 1349
1743779388308 26.613950729370117 1359
1743779392575 30.10127830505371 1369
1743779396817 22.428842544555664 1379
1743779400869 32.179725646972656 1389
1743779405112 30.129501342773438 1399
1743779409695 35.725425720214844 1409
1743779414556 22.5584774017334 1419
1743779420506 34.50456619262695 1429
1743779425121 29.197134017944336 1439
1743779429231 28.29877471923828 1449
1743779433273 27.11376953125 1459
1743779437528 33.69683074951172 1469
1743779441744 33.980438232421875 1479
1743779446107 30.876272201538086 1489
1743779450356 22.123306274414062 1499
1743779456833 22.803756713867188 1509
1743779461389 27.932830810546875 1519
1743779465560 36.1263313293457 1529
1743779469881 35.93702697753906 1539
1743779474142 36.66151428222656 1549
1743779478939 28.746606826782227 1559
1743779483343 28.06538963317871 1569
1743779489855 33.21893310546875 1579
1743779494591 32.681766510009766 1589
1743779499122 35.57688522338867 1599
1743779503637 32.75306701660156 1609
1743779507822 35.27425765991211 1619
1743779512080 31.07884979248047 1629
1743779516375 31.898595809936523 1639
1743779521555 26.7251033782959 1649
1743779525563 29.592147827148438 1659
1743779529314 31.142181396484375 1669
1743779533456 26.522830963134766 1679
1743779537476 30.28302001953125 1689
1743779541651 26.73478889465332 1699
1743779546010 26.914329528808594 1709
1743779550250 35.18925094604492 1719
1743779556129 24.724254608154297 1729
1743779560400 28.356836318969727 1739
1743779564287 24.28042984008789 1749
1743779568351 23.290578842163086 1759
1743779572050 28.242355346679688 1769
1743779575968 38.3042106628418 1779
1743779580146 25.0682315826416 1789
1743779584221 26.111724853515625 1799
1743779589587 30.943403244018555 1809
1743779593542 24.9969425201416 1819
1743779597703 26.413415908813477 1829
1743779601972 23.362747192382812 1839
1743779606422 26.65795135498047 1849
1743779610704 29.70969581604004 1859
1743779614892 24.853172302246094 1869
1743779622612 35.773197174072266 1879
1743779626983 34.51883316040039 1889
1743779631502 25.084726333618164 1899
1743779635606 19.440765380859375 1909
1743779639609 31.99997901916504 1919
1743779643666 39.39668655395508 1929
1743779647518 21.86182403564453 1939
1743779651818 25.78069305419922 1949
1743779657689 25.41243553161621 1959
1743779662403 38.5868034362793 1969
1743779667213 23.44338035583496 1979
1743779671884 23.994712829589844 1989
1743779676453 36.96498489379883 1999
1743779681029 23.450178146362305 2009
1743779685126 27.960058212280273 2019
1743779690716 26.7353515625 2029
1743779695080 34.232173919677734 2039
1743779699259 25.994827270507812 2049
1743779703486 23.66583251953125 2059
1743779707797 26.560205459594727 2069
1743779711987 36.30681228637695 2079
1743779716310 28.760969161987305 2089
1743779720904 26.066213607788086 2099
1743779726761 30.107452392578125 2109
1743779731148 25.6887264251709 2119
1743779735879 26.44268226623535 2129
1743779740483 24.05803108215332 2139
1743779744508 29.97064781188965 2149
1743779748352 25.13521385192871 2159
1743779752346 31.964208602905273 2169
1743779757694 25.845352172851562 2179
1743779761606 20.610485076904297 2189
1743779765471 30.937162399291992 2199
1743779769419 20.13141441345215 2209
1743779773689 21.801904678344727 2219
1743779778069 22.51383399963379 2229
1743779782356 22.25836944580078 2239
1743779786530 27.582916259765625 2249
1743779792497 30.62815284729004 2259
1743779797087 34.536617279052734 2269
1743779801545 25.894668579101562 2279
1743779805489 24.569961547851562 2289
1743779809341 34.21405792236328 2299
1743779813188 21.53664207458496 2309
1743779817125 26.50421714782715 2319
1743779820960 25.3342227935791 2329
1743779826223 28.39655113220215 2339
1743779830051 34.082420349121094 2349
1743779834190 24.513427734375 2359
1743779838389 31.118600845336914 2369
1743779842516 25.5413875579834 2379
1743779846690 22.410818099975586 2389
1743779850951 21.052309036254883 2399
1743779855015 25.01241111755371 2409
1743779860590 21.994462966918945 2419
1743779864746 18.140535354614258 2429
1743779869007 27.667394638061523 2439
1743779872996 28.89448356628418 2449
1743779877274 33.7360954284668 2459
1743779881282 33.2147102355957 2469
1743779885653 27.47977638244629 2479
1743779891407 26.7430477142334 2489
1743779897848 30.711767196655273 2499
1743779902678 24.896377563476562 2509
1743779907339 23.95733642578125 2519
1743779912376 22.980690002441406 2529
1743779917405 25.575429916381836 2539
1743779921820 26.411453247070312 2549
1743779927680 25.37770652770996 2559
1743779932099 24.768762588500977 2569
1743779936380 26.256065368652344 2579
1743779940573 31.44936180114746 2589
1743779944872 21.830347061157227 2599
1743779949113 28.070329666137695 2609
1743779953499 30.239959716796875 2619
1743779959619 23.875940322875977 2629
1743779964059 24.61338996887207 2639
1743779968130 22.51209259033203 2649
1743779972468 23.03047752380371 2659
1743779977263 22.2015380859375 2669
1743779981757 25.49678611755371 2679
1743779986137 22.36213493347168 2689
1743779990810 26.192598342895508 2699
1743779996934 38.02021789550781 2709
1743780001490 29.550559997558594 2719
1743780006022 23.969818115234375 2729
1743780010835 29.34107208251953 2739
1743780015632 32.037967681884766 2749
1743780020708 22.07953453063965 2759
1743780026980 29.68229866027832 2769
1743780031675 21.000900268554688 2779
1743780035967 26.333045959472656 2789
1743780040226 18.432022094726562 2799
1743780044345 21.910125732421875 2809
1743780048512 21.06214714050293 2819
