1743922943133 0.0 9
1743922951148 0.0 19
1743922959179 0.0 29
1743922967144 0.0 39
1743922974882 0.0 49
1743922982364 0.0 59
1743922990347 0.0 69
1743922998211 0.0 79
1743923006263 0.0 89
1743923014346 0.0 99
1743923022447 0.0 109
1743923030667 0.0 119
1743923038556 0.0 129
1743923047963 0.0 139
1743923056234 0.0 149
1743923063873 0.0 159
1743923071624 0.0 169
1743923080095 0.0 179
1743923087326 0.0 189
1743923094195 0.0 199
1743923101070 0.0 209
1743923107940 0.0 219
1743923115155 0.0 229
1743923122905 0.0 239
1743923130543 0.0 249
1743923137993 0.0 259
1743923145550 0.0 269
1743923152379 0.0 279
1743923159493 0.0 289
1743923166922 0.0 299
1743923174092 0.0 309
1743923182148 0.0 319
1743923190205 0.0 329
1743923198270 0.0 339
1743923206254 0.0 349
1743923213762 0.0 359
1743923221532 0.0 369
1743923229188 0.0 379
1743923236865 0.0 389
1743923244167 0.0 399
1743923252290 0.0 409
1743923260408 0.0 419
1743923268473 0.0 429
1743923276255 0.0 439
1743923282655 0.0 449
1743923289181 0.0 459
1743923296187 0.0 469
1743923303700 0.0 479
1743923311723 0.0 489
1743923319325 0.0 499
1743923326365 0.0 509
1743923332713 0.0 519
1743923339266 0.0 529
1743923345796 0.0 539
1743923352428 0.0 549
1743923359614 0.0 559
1743923366735 0.0 569
1743923374160 0.0 579
1743923381384 0.0 589
1743923388233 0.0 599
1743923395086 0.0 609
1743923401690 0.0 619
1743923408299 0.0 629
1743923415461 0.0 639
1743923423908 0.0 649
1743923431568 0.0 659
1743923440148 0.0 669
1743923448122 0.0 679
1743923455720 0.0 689
1743923463212 0.0 699
1743923470527 0.0 709
1743923478575 0.0 719
1743923486023 0.0 729
1743923493690 0.0 739
1743923502138 0.0 749
1743923510057 0.0 759
1743923517853 0.0 769
1743923525714 0.0 779
1743923533858 0.0 789
1743923541563 0.0 799
1743923549347 0.0 809
1743923556933 0.0 819
1743923564582 0.0 829
1743923571118 0.0 839
1743923577764 0.0 849
1743923584844 0.0 859
1743923591493 0.0 869
1743923598971 0.0 879
1743923606157 0.0 889
1743923613484 0.0 899
1743923620797 0.0 909
1743923627623 0.0 919
1743923634473 0.0 929
1743923641395 0.0 939
1743923647955 0.0 949
1743923655222 0.0 959
1743923662553 0.0 969
1743923670094 0.0 979
1743923678256 0.0 989
1743923685686 0.0 999
1743923692978 0.0 1009
1743923700353 0.0 1019
1743923707486 0.0 1029
1743923715136 0.0 1039
1743923722632 0.0 1049
1743923730569 0.0 1059
1743923738302 0.0 1069
1743923745615 0.0 1079
1743923752349 0.0 1089
1743923758806 0.0 1099
1743923765471 0.0 1109
1743923772376 0.0 1119
1743923779999 0.0 1129
1743923787576 0.0 1139
1743923794958 0.0 1149
1743923802343 0.0 1159
1743923808907 0.0 1169
1743923815590 0.0 1179
1743923822246 0.0 1189
1743923828700 0.0 1199
1743923835614 0.0 1209
1743923842731 0.0 1219
1743923850034 0.0 1229
1743923857307 0.0 1239
1743923864689 0.0 1249
1743923871359 0.0 1259
1743923878714 0.0 1269
1743923885648 0.0 1279
1743923892614 0.0 1289
1743923900483 0.0 1299
1743923908049 0.0 1309
1743923915949 0.0 1319
1743923923311 0.0 1329
1743923930631 0.0 1339
1743923937852 0.0 1349
1743923945217 0.0 1359
1743923952755 0.0 1369
1743923960017 0.0 1379
1743923967988 0.0 1389
1743923975469 0.0 1399
1743923983419 0.0 1409
1743923990950 0.0 1419
1743923998677 0.0 1429
1743924006201 0.0 1439
1743924013652 0.0 1449
1743924021251 0.0 1459
1743924028804 0.0 1469
1743924036413 0.0 1479
1743924043611 0.0 1489
1743924049911 0.0 1499
1743924056689 0.0 1509
1743924063564 0.0 1519
1743924070266 0.0 1529
1743924077480 0.0 1539
1743924084813 0.0 1549
1743924092111 0.0 1559
1743924099255 0.0 1569
1743924106087 0.0 1579
1743924113347 0.0 1589
1743924120191 0.0 1599
1743924126880 0.0 1609
1743924133289 0.0 1619
1743924141524 0.0 1629
1743924149762 0.0 1639
1743924157188 0.0 1649
1743924164906 0.0 1659
1743924172561 0.0 1669
1743924180582 0.0 1679
1743924188446 0.0 1689
1743924196650 0.0 1699
1743924204575 0.0 1709
1743924212057 0.0 1719
1743924219718 0.0 1729
1743924227545 0.0 1739
1743924235532 0.0 1749
1743924243390 0.0 1759
1743924251199 0.0 1769
1743924259002 0.0 1779
1743924266358 0.0 1789
1743924273968 0.0 1799
1743924281559 0.0 1809
1743924288213 0.0 1819
1743924295023 0.0 1829
1743924301725 0.0 1839
1743924308455 0.0 1849
1743924315532 0.0 1859
1743924322727 0.0 1869
1743924329829 0.0 1879
1743924337122 0.0 1889
1743924344010 0.0 1899
1743924350572 0.0 1909
1743924357125 0.0 1919
1743924363646 0.0 1929
1743924370357 0.0 1939
1743924377863 0.0 1949
1743924385476 0.0 1959
1743924393632 0.0 1969
1743924401094 0.0 1979
1743924408463 0.0 1989
1743924415872 0.0 1999
1743924423124 0.0 2009
1743924430417 0.0 2019
1743924437978 0.0 2029
1743924445295 0.0 2039
1743924452650 0.0 2049
1743924460506 0.0 2059
1743924468623 0.0 2069
1743924476519 0.0 2079
1743924484388 0.0 2089
1743924492587 0.0 2099
1743924500253 0.0 2109
1743924507884 0.0 2119
1743924515693 0.0 2129
1743924523320 0.0 2139
1743924529749 0.0 2149
1743924536557 0.0 2159
1743924543030 0.0 2169
1743924549582 0.0 2179
1743924556592 0.0 2189
1743924563688 0.0 2199
1743924570973 0.0 2209
1743924578045 0.0 2219
1743924585154 0.0 2229
1743924591875 0.0 2239
1743924598791 0.0 2249
1743924605543 0.0 2259
1743924612390 0.0 2269
1743924620659 0.0 2279
1743924628448 0.0 2289
1743924636658 0.0 2299
1743924644615 0.0 2309
1743924651833 0.0 2319
1743924659191 0.0 2329
1743924666487 0.0 2339
1743924674023 0.0 2349
1743924681760 0.0 2359
1743924689126 0.0 2369
1743924696857 0.0 2379
1743924704331 0.0 2389
1743924710898 0.0 2399
1743924717798 0.0 2409
1743924724742 0.0 2419
1743924731331 0.0 2429
1743924738507 0.0 2439
1743924746313 0.0 2449
1743924753997 0.0 2459
1743924761637 0.0 2469
1743924768531 0.0 2479
1743924775189 0.0 2489
1743924781631 0.0 2499
1743924788278 0.0 2509
1743924795296 0.0 2519
1743924802345 0.0 2529
1743924809667 0.0 2539
1743924816633 0.0 2549
1743924823704 0.0 2559
1743924830603 0.0 2569
1743924837436 0.0 2579
1743924844085 0.0 2589
1743924850683 0.0 2599
1743924857877 0.0 2609
1743924865419 0.0 2619
1743924873403 0.0 2629
1743924881140 0.0 2639
1743924888463 0.0 2649
1743924896024 0.0 2659
1743924903250 0.0 2669
1743924910816 0.0 2679
1743924918656 0.0 2689
1743924926661 0.0 2699
1743924934467 0.0 2709
1743924942502 0.0 2719
1743924950792 0.0 2729
1743924958863 0.0 2739
1743924966807 0.0 2749
1743924974780 0.0 2759
1743924982328 0.0 2769
1743924990097 0.0 2779
1743924997586 0.0 2789
1743925005002 0.0 2799
1743925011956 0.0 2809
1743925018560 0.0 2819
1743925025397 0.0 2829
1743925032247 0.0 2839
1743925039687 0.0 2849
1743925046716 0.0 2859
1743925053920 0.0 2869
1743925061003 0.0 2879
1743925067735 0.0 2889
1743925074534 0.0 2899
1743925081604 0.0 2909
1743925088188 0.0 2919
1743925095141 0.0 2929
1743925103295 0.0 2939
1743925111203 0.0 2949
1743925118849 0.0 2959
1743925126579 0.0 2969
1743925134052 0.0 2979
1743925141330 0.0 2989
1743925148742 0.0 2999
1743925156060 0.0 3009
1743925164003 0.0 3019
1743925171547 0.0 3029
1743925179188 0.0 3039
1743925186764 0.0 3049
1743925194245 0.0 3059
1743925201611 0.0 3069
1743925209079 0.0 3079
1743925216676 0.0 3089
1743925224445 0.0 3099
1743925232302 0.0 3109
1743925239793 0.0 3119
1743925246843 0.0 3129
1743925253581 0.0 3139
1743925260265 0.0 3149
1743925267003 0.0 3159
1743925273878 0.0 3169
1743925281126 0.0 3179
1743925288548 0.0 3189
1743925295913 0.0 3199
1743925302980 0.0 3209
1743925310181 0.0 3219
1743925317266 0.0 3229
1743925324643 0.0 3239
1743925332411 0.0 3249
1743925340209 0.0 3259
1743925348471 0.0 3269
1743925356033 0.0 3279
1743925364013 0.0 3289
1743925371605 0.0 3299
1743925378750 0.0 3309
1743925386107 0.0 3319
1743925393561 0.0 3329
1743925400910 0.0 3339
1743925408395 0.0 3349
1743925416266 0.0 3359
1743925424008 0.0 3369
1743925430608 0.0 3379
1743925437294 0.0 3389
1743925444283 0.0 3399
1743925451210 0.0 3409
1743925458599 0.0 3419
1743925466242 0.0 3429
1743925474097 0.0 3439
1743925481955 0.0 3449
1743925488974 0.0 3459
1743925495774 0.0 3469
1743925502720 0.0 3479
1743925509730 0.0 3489
1743925516675 0.0 3499
1743925524069 0.0 3509
1743925531518 0.0 3519
1743925538501 0.0 3529
1743925545779 0.0 3539
1743925552341 0.0 3549
1743925559348 0.0 3559
1743925566120 0.0 3569
1743925572974 0.0 3579
1743925581041 0.0 3589
1743925589029 0.0 3599
1743925596777 0.0 3609
1743925604366 0.0 3619
1743925611593 0.0 3629
1743925618819 0.0 3639
1743925626424 0.0 3649
1743925633950 0.0 3659
1743925642303 0.0 3669
1743925650053 0.0 3679
1743925657920 0.0 3689
1743925665357 0.0 3699
1743925672042 0.0 3709
1743925678620 0.0 3719
1743925685275 0.0 3729
1743925691944 0.0 3739
1743925698828 0.0 3749
1743925706675 0.0 3759
1743925714318 0.0 3769
1743925721815 0.0 3779
1743925728361 0.0 3789
1743925735117 0.0 3799
1743925741895 0.0 3809
1743925748414 0.0 3819
1743925755371 0.0 3829
1743925762501 0.0 3839
1743925769803 0.0 3849
1743925777347 0.0 3859
1743925784592 0.0 3869
1743925791455 0.0 3879
1743925798137 0.0 3889
1743925805080 0.0 3899
1743925811887 0.0 3909
1743925820124 0.0 3919
1743925828097 0.0 3929
1743925836563 0.0 3939
1743925844766 0.0 3949
1743925852012 0.0 3959
1743925859612 0.0 3969
1743925866987 0.0 3979
1743925874130 0.0 3989
1743925881787 0.0 3999
1743925889545 0.0 4009
1743925897310 0.0 4019
1743925905127 0.0 4029
1743925912939 0.0 4039
1743925920742 0.0 4049
1743925928417 0.0 4059
1743925936637 0.0 4069
1743925944347 0.0 4079
1743925952232 0.0 4089
1743925960078 0.0 4099
1743925967459 0.0 4109
1743925974194 0.0 4119
1743925980796 0.0 4129
1743925987492 0.0 4139
1743925994328 0.0 4149
1743926001688 0.0 4159
1743926008865 0.0 4169
1743926016132 0.0 4179
1743926023383 0.0 4189
1743926030437 0.0 4199
1743926037096 0.0 4209
1743926043964 0.0 4219
1743926050983 0.0 4229
1743926058418 0.0 4239
1743926066004 0.0 4249
1743926073602 0.0 4259
1743926081359 0.0 4269
1743926088652 0.0 4279
1743926096000 0.0 4289
1743926103263 0.0 4299
1743926110563 0.0 4309
1743926118059 0.0 4319
1743926125974 0.0 4329
1743926133518 0.0 4339
1743926141369 0.0 4349
1743926149350 0.0 4359
1743926157363 0.0 4369
1743926165400 0.0 4379
1743926173253 0.0 4389
1743926181222 0.0 4399
1743926189244 0.0 4409
1743926197189 0.0 4419
1743926205039 0.0 4429
1743926211658 0.0 4439
1743926218395 0.0 4449
1743926225355 0.0 4459
1743926231927 0.0 4469
1743926238944 0.0 4479
1743926246067 0.0 4489
1743926253494 0.0 4499
1743926260751 0.0 4509
1743926267684 0.0 4519
1743926274636 0.0 4529
1743926281510 0.0 4539
1743926288336 0.0 4549
1743926295603 0.0 4559
1743926303695 0.0 4569
1743926311841 0.0 4579
1743926320079 0.0 4589
1743926327643 0.0 4599
1743926335038 0.0 4609
1743926342403 0.0 4619
1743926350227 0.0 4629
1743926358098 0.0 4639
1743926366025 0.0 4649
1743926374066 0.0 4659
1743926381857 0.0 4669
1743926390152 0.0 4679
1743926398327 0.0 4689
1743926406328 0.0 4699
1743926414254 0.0 4709
1743926422168 0.0 4719
1743926429967 0.0 4729
1743926437874 0.0 4739
1743926445341 0.0 4749
1743926452132 0.0 4759
1743926458878 0.0 4769
1743926465550 0.0 4779
1743926472305 0.0 4789
1743926479630 0.0 4799
1743926486786 0.0 4809
1743926494113 0.0 4819
1743926501317 0.0 4829
1743926508071 0.0 4839
1743926514796 0.0 4849
1743926521421 0.0 4859
1743926528160 0.0 4869
1743926535462 0.0 4879
1743926543307 0.0 4889
1743926550977 0.0 4899
1743926558653 0.0 4909
1743926566345 0.0 4919
1743926573907 0.0 4929
1743926581819 0.0 4939
1743926589170 0.0 4949
1743926596871 0.0 4959
1743926604242 0.0 4969
1743926612413 0.0 4979
1743926620433 0.0 4989
1743926628388 0.0 4999
1743926636205 0.0 5009
1743926644408 0.0 5019
1743926651413 0.0 5029
1743926657902 0.0 5039
1743926664451 0.0 5049
1743926671572 0.0 5059
1743926679272 0.0 5069
1743926686398 0.0 5079
1743926693197 0.0 5089
1743926699907 0.0 5099
1743926706746 0.0 5109
1743926713545 0.0 5119
1743926720748 0.0 5129
1743926728148 0.0 5139
1743926735595 0.0 5149
1743926742928 0.0 5159
1743926750276 0.0 5169
1743926756999 0.0 5179
1743926763530 0.0 5189
1743926770211 0.0 5199
1743926778060 0.0 5209
1743926786377 0.0 5219
1743926795203 0.0 5229
1743926802796 0.0 5239
1743926810194 0.0 5249
1743926817919 0.0 5259
1743926825339 0.0 5269
1743926832889 0.0 5279
1743926840780 0.0 5289
1743926848812 0.0 5299
1743926856511 0.0 5309
1743926864859 0.0 5319
1743926872552 0.0 5329
1743926880435 0.0 5339
1743926887919 0.0 5349
1743926896369 0.0 5359
1743926904266 0.0 5369
1743926912113 0.0 5379
1743926919960 0.0 5389
1743926926877 0.0 5399
1743926933285 0.0 5409
1743926939786 0.0 5419
1743926946413 0.0 5429
1743926953158 0.0 5439
1743926960434 0.0 5449
1743926967707 0.0 5459
1743926975050 0.0 5469
1743926982176 0.0 5479
1743926988885 0.0 5489
1743926995523 0.0 5499
1743927002212 0.0 5509
1743927009001 0.0 5519
1743927016527 0.0 5529
1743927024703 0.0 5539
1743927033014 0.0 5549
1743927040839 0.0 5559
1743927048446 0.0 5569
1743927056072 0.0 5579
1743927063307 0.0 5589
1743927070933 0.0 5599
1743927078753 0.0 5609
1743927086851 0.0 5619
1743927095064 0.0 5629
1743927102791 0.0 5639
1743927110912 0.0 5649
1743927117833 0.0 5659
1743927124684 0.0 5669
1743927131784 0.0 5679
1743927139603 0.0 5689
1743927147383 0.0 5699
1743927155194 0.0 5709
1743927162818 0.0 5719
1743927169407 0.0 5729
1743927175990 0.0 5739
1743927182544 0.0 5749
1743927189354 0.0 5759
1743927196318 0.0 5769
1743927203793 0.0 5779
1743927211088 0.0 5789
1743927218189 0.0 5799
1743927225349 0.0 5809
1743927232007 0.0 5819
1743927239143 0.0 5829
1743927246069 0.0 5839
1743927252650 0.0 5849
1743927260328 0.0 5859
1743927268241 0.0 5869
1743927276078 0.0 5879
1743927283626 0.0 5889
1743927290916 0.0 5899
1743927298346 0.0 5909
1743927305907 0.0 5919
1743927313531 0.0 5929
1743927321476 0.0 5939
1743927329576 0.0 5949
1743927337219 0.0 5959
1743927345266 0.0 5969
1743927353431 0.0 5979
1743927361327 0.0 5989
1743927368128 0.0 5999
1743927374839 0.0 6009
1743927382161 0.0 6019
1743927389572 0.0 6029
1743927396774 0.0 6039
1743927404010 0.0 6049
1743927410618 0.0 6059
1743927417231 0.0 6069
1743927423670 0.0 6079
1743927430173 0.0 6089
1743927437151 0.0 6099
1743927444520 0.0 6109
1743927451727 0.0 6119
1743927459057 0.0 6129
1743927466415 0.0 6139
1743927473636 0.0 6149
1743927480640 0.0 6159
1743927487894 0.0 6169
1743927495052 0.0 6179
1743927503056 0.0 6189
1743927511462 0.0 6199
1743927519342 0.0 6209
1743927527130 0.0 6219
1743927534751 0.0 6229
1743927542178 0.0 6239
1743927549553 0.0 6249
1743927556896 0.0 6259
1743927564384 0.0 6269
1743927571912 0.0 6279
1743927579122 0.0 6289
1743927586613 0.0 6299
1743927594087 0.0 6309
1743927600817 0.0 6319
1743927607299 0.0 6329
1743927613949 0.0 6339
1743927620694 0.0 6349
1743927628155 0.0 6359
1743927635584 0.0 6369
1743927642007 0.0 6377
