1743922943133 73.10741424560547 9
1743922951148 54.492523193359375 19
1743922959179 64.7908935546875 29
1743922967144 56.649776458740234 39
1743922974882 53.01338577270508 49
1743922982364 38.94438934326172 59
1743922990347 29.402788162231445 69
1743922998211 50.212467193603516 79
1743923006263 54.54731369018555 89
1743923014346 41.450103759765625 99
1743923022447 41.22844314575195 109
1743923030667 33.33448028564453 119
1743923038556 55.25236892700195 129
1743923047963 39.84213638305664 139
1743923056234 34.256370544433594 149
1743923063873 27.175241470336914 159
1743923071624 39.44221115112305 169
1743923080095 36.67462158203125 179
1743923087326 55.33921432495117 189
1743923094195 37.36382293701172 199
1743923101070 30.01997184753418 209
1743923107940 28.95166015625 219
1743923115155 34.15375900268555 229
1743923122905 37.36885070800781 239
1743923130543 49.20170211791992 249
1743923137993 25.333938598632812 259
1743923145550 33.30293273925781 269
1743923152379 28.26653480529785 279
1743923159493 25.526601791381836 289
1743923166922 29.97905921936035 299
1743923174092 36.31101608276367 309
1743923182148 33.610294342041016 319
1743923190205 25.10835838317871 329
1743923198270 22.729639053344727 339
1743923206254 37.484188079833984 349
1743923213762 33.34040832519531 359
1743923221532 36.48637390136719 369
1743923229188 28.618972778320312 379
1743923236865 28.493066787719727 389
1743923244167 31.944459915161133 399
1743923252290 31.030725479125977 409
1743923260408 23.806657791137695 419
1743923268473 33.58649826049805 429
1743923276255 28.926681518554688 439
1743923282655 28.294212341308594 449
1743923289181 32.12840270996094 459
1743923296187 22.413925170898438 469
1743923303700 23.43159294128418 479
1743923311723 23.85976219177246 489
1743923319325 21.5263671875 499
1743923326365 20.634063720703125 509
1743923332713 26.361915588378906 519
1743923339266 24.280107498168945 529
1743923345796 24.94220542907715 539
1743923352428 26.217973709106445 549
1743923359614 32.91796875 559
1743923366735 33.42747116088867 569
1743923374160 29.77120018005371 579
1743923381384 25.805532455444336 589
1743923388233 39.28585433959961 599
1743923395086 33.511417388916016 609
1743923401690 28.368982315063477 619
1743923408299 21.598886489868164 629
1743923415461 37.17499923706055 639
1743923423908 25.628515243530273 649
1743923431568 25.023775100708008 659
1743923440148 23.067970275878906 669
1743923448122 26.64434814453125 679
1743923455720 28.823122024536133 689
1743923463212 34.37575912475586 699
1743923470527 36.26847457885742 709
1743923478575 19.947080612182617 719
1743923486023 31.690481185913086 729
1743923493690 23.268692016601562 739
1743923502138 27.58197021484375 749
1743923510057 28.503992080688477 759
1743923517853 26.167158126831055 769
1743923525714 36.62171936035156 779
1743923533858 39.44879150390625 789
1743923541563 22.876482009887695 799
1743923549347 22.172155380249023 809
1743923556933 31.893394470214844 819
1743923564582 38.74345779418945 829
1743923571118 19.307432174682617 839
1743923577764 29.490142822265625 849
1743923584844 18.515275955200195 859
1743923591493 31.5459041595459 869
1743923598971 27.863723754882812 879
1743923606157 25.11903953552246 889
1743923613484 26.431686401367188 899
1743923620797 25.57709312438965 909
1743923627623 20.3892879486084 919
1743923634473 26.038660049438477 929
1743923641395 18.841445922851562 939
1743923647955 26.79762077331543 949
1743923655222 30.584814071655273 959
1743923662553 23.651155471801758 969
1743923670094 21.758588790893555 979
1743923678256 20.498014450073242 989
1743923685686 26.353910446166992 999
1743923692978 26.135887145996094 1009
1743923700353 23.839462280273438 1019
1743923707486 29.87714385986328 1029
1743923715136 22.079795837402344 1039
1743923722632 30.872812271118164 1049
1743923730569 31.727575302124023 1059
1743923738302 21.57598304748535 1069
1743923745615 38.79856872558594 1079
1743923752349 24.097427368164062 1089
1743923758806 24.40755271911621 1099
1743923765471 31.66603660583496 1109
1743923772376 26.4080753326416 1119
1743923779999 28.424612045288086 1129
1743923787576 18.28626823425293 1139
1743923794958 23.246213912963867 1149
1743923802343 38.157230377197266 1159
1743923808907 29.06142234802246 1169
1743923815590 21.522245407104492 1179
1743923822246 22.300588607788086 1189
1743923828700 25.238046646118164 1199
1743923835614 23.071096420288086 1209
1743923842731 24.797128677368164 1219
1743923850034 16.10515594482422 1229
1743923857307 28.895263671875 1239
1743923864689 23.180740356445312 1249
1743923871359 27.70795249938965 1259
1743923878714 19.383737564086914 1269
1743923885648 19.934051513671875 1279
1743923892614 21.187314987182617 1289
1743923900483 28.234296798706055 1299
1743923908049 20.769067764282227 1309
1743923915949 22.781110763549805 1319
1743923923311 35.01679229736328 1329
1743923930631 26.674850463867188 1339
1743923937852 20.343523025512695 1349
1743923945217 21.417200088500977 1359
1743923952755 27.860000610351562 1369
1743923960017 22.190549850463867 1379
1743923967988 22.5192928314209 1389
1743923975469 25.973831176757812 1399
1743923983419 19.26612091064453 1409
1743923990950 25.337133407592773 1419
1743923998677 21.946115493774414 1429
1743924006201 22.932693481445312 1439
1743924013652 22.349069595336914 1449
1743924021251 23.781850814819336 1459
1743924028804 22.799226760864258 1469
1743924036413 25.657445907592773 1479
1743924043611 25.493494033813477 1489
1743924049911 28.5623836517334 1499
1743924056689 23.32837677001953 1509
1743924063564 29.544370651245117 1519
1743924070266 22.63523292541504 1529
1743924077480 21.68890380859375 1539
1743924084813 26.219566345214844 1549
1743924092111 24.30101203918457 1559
1743924099255 23.227346420288086 1569
1743924106087 32.54513168334961 1579
1743924113347 27.32545280456543 1589
1743924120191 19.165546417236328 1599
1743924126880 24.448270797729492 1609
1743924133289 21.49431800842285 1619
1743924141524 19.29987144470215 1629
1743924149762 26.02642822265625 1639
1743924157188 28.25208854675293 1649
1743924164906 19.76835823059082 1659
1743924172561 26.702011108398438 1669
1743924180582 35.682430267333984 1679
1743924188446 25.11314582824707 1689
1743924196650 17.245223999023438 1699
1743924204575 24.502456665039062 1709
1743924212057 24.11533546447754 1719
1743924219718 19.789152145385742 1729
1743924227545 22.519155502319336 1739
1743924235532 31.306747436523438 1749
1743924243390 27.785451889038086 1759
1743924251199 37.65636444091797 1769
1743924259002 26.326597213745117 1779
1743924266358 21.046764373779297 1789
1743924273968 30.54283905029297 1799
1743924281559 25.77959442138672 1809
1743924288213 22.75325584411621 1819
1743924295023 25.524106979370117 1829
1743924301725 33.272464752197266 1839
1743924308455 23.87672996520996 1849
1743924315532 29.93950653076172 1859
1743924322727 24.003257751464844 1869
1743924329829 20.884801864624023 1879
1743924337122 23.67702293395996 1889
1743924344010 19.005929946899414 1899
1743924350572 22.37583351135254 1909
1743924357125 16.280561447143555 1919
1743924363646 19.32304573059082 1929
1743924370357 24.075990676879883 1939
1743924377863 31.26805877685547 1949
1743924385476 20.56840705871582 1959
1743924393632 29.9804744720459 1969
1743924401094 21.318572998046875 1979
1743924408463 24.11052894592285 1989
1743924415872 22.361597061157227 1999
1743924423124 21.260177612304688 2009
1743924430417 19.767112731933594 2019
1743924437978 29.08574104309082 2029
1743924445295 21.090059280395508 2039
1743924452650 27.99956512451172 2049
1743924460506 32.33168411254883 2059
1743924468623 25.844207763671875 2069
1743924476519 23.697763442993164 2079
1743924484388 20.387481689453125 2089
1743924492587 19.826807022094727 2099
1743924500253 24.054983139038086 2109
1743924507884 22.910858154296875 2119
1743924515693 19.401342391967773 2129
1743924523320 20.845375061035156 2139
1743924529749 21.745025634765625 2149
1743924536557 23.766311645507812 2159
1743924543030 27.267730712890625 2169
1743924549582 24.52298927307129 2179
1743924556592 21.368972778320312 2189
1743924563688 22.727136611938477 2199
1743924570973 20.536865234375 2209
1743924578045 23.678054809570312 2219
1743924585154 22.768035888671875 2229
1743924591875 24.001333236694336 2239
1743924598791 21.5435791015625 2249
1743924605543 26.660171508789062 2259
1743924612390 25.78230857849121 2269
1743924620659 19.681875228881836 2279
1743924628448 20.327817916870117 2289
1743924636658 17.831947326660156 2299
1743924644615 17.784116744995117 2309
1743924651833 21.85662269592285 2319
1743924659191 23.484329223632812 2329
1743924666487 22.35101890563965 2339
1743924674023 20.220449447631836 2349
1743924681760 18.370319366455078 2359
1743924689126 28.17759132385254 2369
1743924696857 18.022123336791992 2379
1743924704331 31.375455856323242 2389
1743924710898 24.21077537536621 2399
1743924717798 17.92983627319336 2409
1743924724742 20.77703285217285 2419
1743924731331 35.533084869384766 2429
1743924738507 20.686500549316406 2439
1743924746313 28.882232666015625 2449
1743924753997 25.9169864654541 2459
1743924761637 14.960212707519531 2469
1743924768531 31.495508193969727 2479
1743924775189 24.150297164916992 2489
1743924781631 21.89826011657715 2499
1743924788278 22.6011905670166 2509
1743924795296 20.449060440063477 2519
1743924802345 22.722763061523438 2529
1743924809667 16.038314819335938 2539
1743924816633 27.431406021118164 2549
1743924823704 25.535140991210938 2559
1743924830603 19.074893951416016 2569
1743924837436 17.23649787902832 2579
1743924844085 21.89044952392578 2589
1743924850683 30.072717666625977 2599
1743924857877 23.283044815063477 2609
1743924865419 27.76133155822754 2619
1743924873403 27.787206649780273 2629
1743924881140 27.657140731811523 2639
1743924888463 24.840585708618164 2649
1743924896024 20.299816131591797 2659
1743924903250 22.2913875579834 2669
1743924910816 17.109132766723633 2679
1743924918656 21.210023880004883 2689
1743924926661 18.030746459960938 2699
1743924934467 26.01329231262207 2709
1743924942502 22.093244552612305 2719
1743924950792 27.737817764282227 2729
1743924958863 19.877817153930664 2739
1743924966807 19.76152229309082 2749
1743924974780 30.20511817932129 2759
1743924982328 20.59891700744629 2769
1743924990097 27.81432342529297 2779
1743924997586 18.87546157836914 2789
1743925005002 20.62516212463379 2799
1743925011956 22.963150024414062 2809
1743925018560 26.341325759887695 2819
1743925025397 25.148963928222656 2829
1743925032247 18.40251350402832 2839
1743925039687 26.544050216674805 2849
1743925046716 18.497282028198242 2859
1743925053920 20.207319259643555 2869
1743925061003 23.819067001342773 2879
1743925067735 17.824399948120117 2889
1743925074534 23.231592178344727 2899
1743925081604 23.86100196838379 2909
1743925088188 20.091264724731445 2919
1743925095141 23.60799217224121 2929
1743925103295 26.962862014770508 2939
1743925111203 23.577001571655273 2949
1743925118849 25.205671310424805 2959
1743925126579 29.081045150756836 2969
1743925134052 22.689908981323242 2979
1743925141330 21.37195587158203 2989
1743925148742 21.54093360900879 2999
1743925156060 21.10560417175293 3009
1743925164003 21.72308921813965 3019
1743925171547 16.769744873046875 3029
1743925179188 22.655115127563477 3039
1743925186764 27.66533088684082 3049
1743925194245 25.948766708374023 3059
1743925201611 20.131324768066406 3069
1743925209079 21.909332275390625 3079
1743925216676 25.994775772094727 3089
1743925224445 26.143478393554688 3099
1743925232302 22.798322677612305 3109
1743925239793 34.100765228271484 3119
1743925246843 17.42487907409668 3129
1743925253581 27.7423152923584 3139
1743925260265 19.407590866088867 3149
1743925267003 21.047502517700195 3159
1743925273878 17.351099014282227 3169
1743925281126 25.89702796936035 3179
1743925288548 23.01796531677246 3189
1743925295913 22.900779724121094 3199
1743925302980 24.6771240234375 3209
1743925310181 23.575746536254883 3219
1743925317266 15.693912506103516 3229
1743925324643 24.354230880737305 3239
1743925332411 16.992631912231445 3249
1743925340209 24.93946075439453 3259
1743925348471 32.32374572753906 3269
1743925356033 25.582956314086914 3279
1743925364013 20.015487670898438 3289
1743925371605 22.390687942504883 3299
1743925378750 22.522409439086914 3309
1743925386107 31.03276824951172 3319
1743925393561 23.318082809448242 3329
1743925400910 25.460744857788086 3339
1743925408395 21.121564865112305 3349
1743925416266 20.163421630859375 3359
1743925424008 23.027883529663086 3369
1743925430608 20.8653507232666 3379
1743925437294 24.294546127319336 3389
1743925444283 17.400903701782227 3399
1743925451210 18.313339233398438 3409
1743925458599 19.226144790649414 3419
1743925466242 28.2574462890625 3429
1743925474097 23.509496688842773 3439
1743925481955 23.800947189331055 3449
1743925488974 19.891090393066406 3459
1743925495774 16.873565673828125 3469
1743925502720 15.104275703430176 3479
1743925509730 19.241195678710938 3489
1743925516675 17.416940689086914 3499
1743925524069 19.524721145629883 3509
1743925531518 26.950212478637695 3519
1743925538501 22.351951599121094 3529
1743925545779 18.635053634643555 3539
1743925552341 20.542573928833008 3549
1743925559348 28.9069881439209 3559
1743925566120 28.54913902282715 3569
1743925572974 24.703699111938477 3579
1743925581041 21.237037658691406 3589
1743925589029 21.664962768554688 3599
1743925596777 19.850399017333984 3609
1743925604366 22.397371292114258 3619
1743925611593 19.86568260192871 3629
1743925618819 24.42607307434082 3639
1743925626424 22.664518356323242 3649
1743925633950 26.18060874938965 3659
1743925642303 19.109638214111328 3669
1743925650053 23.649755477905273 3679
1743925657920 24.0379638671875 3689
1743925665357 19.121192932128906 3699
1743925672042 17.584413528442383 3709
1743925678620 26.334428787231445 3719
1743925685275 19.36418914794922 3729
1743925691944 29.47117042541504 3739
1743925698828 22.634124755859375 3749
1743925706675 24.850393295288086 3759
1743925714318 33.96310043334961 3769
1743925721815 21.930770874023438 3779
1743925728361 16.898775100708008 3789
1743925735117 18.52140998840332 3799
1743925741895 21.640661239624023 3809
1743925748414 20.05545997619629 3819
1743925755371 22.99086570739746 3829
1743925762501 26.39650535583496 3839
1743925769803 16.80646514892578 3849
1743925777347 25.05479621887207 3859
1743925784592 22.00873374938965 3869
1743925791455 19.95350456237793 3879
1743925798137 21.9558162689209 3889
1743925805080 21.28873062133789 3899
1743925811887 19.797685623168945 3909
1743925820124 31.3460693359375 3919
1743925828097 20.641847610473633 3929
1743925836563 18.805150985717773 3939
1743925844766 21.412912368774414 3949
1743925852012 22.657209396362305 3959
1743925859612 20.28619956970215 3969
1743925866987 17.701204299926758 3979
1743925874130 22.152145385742188 3989
1743925881787 24.4780330657959 3999
1743925889545 22.781599044799805 4009
1743925897310 23.113618850708008 4019
1743925905127 30.677658081054688 4029
1743925912939 21.07961082458496 4039
1743925920742 16.47862434387207 4049
1743925928417 19.32672882080078 4059
1743925936637 19.398563385009766 4069
1743925944347 19.79627799987793 4079
1743925952232 16.14608383178711 4089
1743925960078 20.592941284179688 4099
1743925967459 18.645193099975586 4109
1743925974194 21.31941032409668 4119
1743925980796 22.497446060180664 4129
1743925987492 31.8311824798584 4139
1743925994328 26.94002342224121 4149
1743926001688 18.436002731323242 4159
1743926008865 19.646516799926758 4169
1743926016132 18.85685920715332 4179
1743926023383 18.378252029418945 4189
1743926030437 21.259801864624023 4199
1743926037096 16.82809066772461 4209
1743926043964 21.58196449279785 4219
1743926050983 23.718414306640625 4229
1743926058418 21.018592834472656 4239
1743926066004 24.101213455200195 4249
1743926073602 21.137449264526367 4259
1743926081359 19.169755935668945 4269
1743926088652 23.8599910736084 4279
1743926096000 19.147951126098633 4289
1743926103263 16.7003231048584 4299
1743926110563 20.513376235961914 4309
1743926118059 20.69623374938965 4319
1743926125974 20.482107162475586 4329
1743926133518 22.59173011779785 4339
1743926141369 24.20948028564453 4349
1743926149350 28.862905502319336 4359
1743926157363 22.793411254882812 4369
1743926165400 20.369985580444336 4379
1743926173253 26.5140380859375 4389
1743926181222 18.873693466186523 4399
1743926189244 25.01690673828125 4409
1743926197189 24.24295997619629 4419
1743926205039 20.574798583984375 4429
1743926211658 17.038721084594727 4439
1743926218395 25.986127853393555 4449
1743926225355 24.573034286499023 4459
1743926231927 18.27531623840332 4469
1743926238944 18.746427536010742 4479
1743926246067 24.725736618041992 4489
1743926253494 20.845666885375977 4499
1743926260751 23.59427833557129 4509
1743926267684 18.47142219543457 4519
1743926274636 28.704442977905273 4529
1743926281510 26.420106887817383 4539
1743926288336 18.44459342956543 4549
1743926295603 20.448850631713867 4559
1743926303695 18.61115074157715 4569
1743926311841 22.267118453979492 4579
1743926320079 21.6384220123291 4589
1743926327643 16.866498947143555 4599
1743926335038 22.874717712402344 4609
1743926342403 18.566869735717773 4619
1743926350227 32.14703369140625 4629
1743926358098 26.15635871887207 4639
1743926366025 25.4075870513916 4649
1743926374066 24.257844924926758 4659
1743926381857 27.474037170410156 4669
1743926390152 22.00872802734375 4679
1743926398327 20.41895866394043 4689
1743926406328 21.416593551635742 4699
1743926414254 24.51820945739746 4709
1743926422168 17.213449478149414 4719
1743926429967 16.542112350463867 4729
1743926437874 21.439529418945312 4739
1743926445341 15.857773780822754 4749
1743926452132 23.949560165405273 4759
1743926458878 22.0843563079834 4769
1743926465550 21.512964248657227 4779
1743926472305 18.070192337036133 4789
1743926479630 18.760866165161133 4799
1743926486786 20.356155395507812 4809
1743926494113 20.126482009887695 4819
1743926501317 22.633031845092773 4829
1743926508071 17.129396438598633 4839
1743926514796 22.032663345336914 4849
1743926521421 17.349708557128906 4859
1743926528160 22.613698959350586 4869
1743926535462 20.601057052612305 4879
1743926543307 18.4642333984375 4889
1743926550977 22.335153579711914 4899
1743926558653 33.91297912597656 4909
1743926566345 19.379425048828125 4919
1743926573907 19.09514045715332 4929
1743926581819 19.593385696411133 4939
1743926589170 20.190885543823242 4949
1743926596871 17.911882400512695 4959
1743926604242 20.443687438964844 4969
1743926612413 23.55195426940918 4979
1743926620433 19.713790893554688 4989
1743926628388 20.29589080810547 4999
1743926636205 26.166372299194336 5009
1743926644408 14.718134880065918 5019
1743926651413 24.949750900268555 5029
1743926657902 24.80686378479004 5039
1743926664451 21.160472869873047 5049
1743926671572 17.80754852294922 5059
1743926679272 21.922813415527344 5069
1743926686398 22.39337730407715 5079
1743926693197 24.356637954711914 5089
1743926699907 18.3806209564209 5099
1743926706746 20.954254150390625 5109
1743926713545 20.926328659057617 5119
1743926720748 21.869211196899414 5129
1743926728148 16.50022315979004 5139
1743926735595 25.415674209594727 5149
1743926742928 23.92121124267578 5159
1743926750276 24.61484718322754 5169
1743926756999 22.53960418701172 5179
1743926763530 21.46599006652832 5189
1743926770211 18.122175216674805 5199
1743926778060 23.601425170898438 5209
1743926786377 21.173776626586914 5219
1743926795203 20.050928115844727 5229
1743926802796 19.267311096191406 5239
1743926810194 18.0058536529541 5249
1743926817919 19.082489013671875 5259
1743926825339 19.950918197631836 5269
1743926832889 21.97728157043457 5279
1743926840780 24.33101463317871 5289
1743926848812 27.878280639648438 5299
1743926856511 18.879976272583008 5309
1743926864859 17.075580596923828 5319
1743926872552 17.368661880493164 5329
1743926880435 20.114898681640625 5339
1743926887919 16.73639488220215 5349
1743926896369 27.228452682495117 5359
1743926904266 22.82908821105957 5369
1743926912113 20.34636116027832 5379
1743926919960 20.474594116210938 5389
1743926926877 20.734783172607422 5399
1743926933285 23.239830017089844 5409
1743926939786 17.59575843811035 5419
1743926946413 23.61933708190918 5429
1743926953158 23.045486450195312 5439
1743926960434 28.26527976989746 5449
1743926967707 15.402859687805176 5459
1743926975050 18.1279354095459 5469
1743926982176 25.140777587890625 5479
1743926988885 16.771108627319336 5489
1743926995523 19.080886840820312 5499
1743927002212 26.82307243347168 5509
1743927009001 22.894540786743164 5519
1743927016527 14.895156860351562 5529
1743927024703 27.336822509765625 5539
1743927033014 17.58740997314453 5549
1743927040839 18.032262802124023 5559
1743927048446 22.4022216796875 5569
1743927056072 19.2879581451416 5579
1743927063307 21.47553825378418 5589
1743927070933 17.23067855834961 5599
1743927078753 33.25272750854492 5609
1743927086851 17.332426071166992 5619
1743927095064 27.94230079650879 5629
1743927102791 16.17420768737793 5639
1743927110912 23.462982177734375 5649
1743927117833 21.08059310913086 5659
1743927124684 19.751184463500977 5669
1743927131784 26.04863929748535 5679
1743927139603 17.59905433654785 5689
1743927147383 23.263647079467773 5699
1743927155194 23.411895751953125 5709
1743927162818 22.30375099182129 5719
1743927169407 17.04204750061035 5729
1743927175990 30.009706497192383 5739
1743927182544 21.353317260742188 5749
1743927189354 19.862030029296875 5759
1743927196318 24.6581974029541 5769
1743927203793 23.82989501953125 5779
1743927211088 22.9350528717041 5789
1743927218189 21.7229061126709 5799
1743927225349 19.099905014038086 5809
1743927232007 26.14957618713379 5819
1743927239143 23.89911651611328 5829
1743927246069 19.32612419128418 5839
1743927252650 30.271888732910156 5849
1743927260328 19.486146926879883 5859
1743927268241 16.56093406677246 5869
1743927276078 28.914052963256836 5879
1743927283626 21.974306106567383 5889
1743927290916 20.03660774230957 5899
1743927298346 17.41952896118164 5909
1743927305907 19.049394607543945 5919
1743927313531 26.2897891998291 5929
1743927321476 19.321823120117188 5939
1743927329576 16.73495864868164 5949
1743927337219 16.445201873779297 5959
1743927345266 18.13810920715332 5969
1743927353431 22.473318099975586 5979
1743927361327 19.102914810180664 5989
1743927368128 20.688255310058594 5999
1743927374839 28.41205406188965 6009
1743927382161 18.223800659179688 6019
1743927389572 20.353355407714844 6029
1743927396774 17.418657302856445 6039
1743927404010 17.366514205932617 6049
1743927410618 19.396699905395508 6059
1743927417231 15.958274841308594 6069
1743927423670 17.81150245666504 6079
1743927430173 22.310476303100586 6089
1743927437151 17.81104850769043 6099
1743927444520 17.30081558227539 6109
1743927451727 20.89134979248047 6119
1743927459057 19.395498275756836 6129
1743927466415 15.941479682922363 6139
1743927473636 20.99188995361328 6149
1743927480640 21.269636154174805 6159
1743927487894 19.942214965820312 6169
1743927495052 20.49848175048828 6179
1743927503056 17.16385841369629 6189
1743927511462 19.520416259765625 6199
1743927519342 20.234216690063477 6209
1743927527130 23.532461166381836 6219
1743927534751 18.009790420532227 6229
1743927542178 18.874631881713867 6239
1743927549553 20.560455322265625 6249
1743927556896 19.368988037109375 6259
1743927564384 20.20616912841797 6269
1743927571912 19.687936782836914 6279
1743927579122 22.37519073486328 6289
1743927586613 25.240346908569336 6299
1743927594087 21.396982192993164 6309
1743927600817 20.028776168823242 6319
1743927607299 18.762712478637695 6329
1743927613949 19.56487464904785 6339
1743927620694 20.76700782775879 6349
1743927628155 17.932109832763672 6359
1743927635584 18.164289474487305 6369
