1743780583339 0.0 9
1743780587856 0.0 19
1743780592092 0.0 29
1743780596271 0.0 39
1743780600496 0.0 49
1743780604737 0.0 59
1743780609206 0.0 69
1743780613563 0.0 79
1743780618321 0.0 89
1743780622958 0.0 99
1743780627430 0.0 109
1743780632431 0.0 119
1743780636959 0.0 129
1743780641384 0.0 139
1743780645789 0.0 149
1743780650299 0.0 159
1743780654700 0.0 169
1743780659311 0.0 179
1743780663716 0.0 189
1743780668328 0.0 199
1743780672738 0.0 209
1743780677288 0.0 219
1743780681859 0.0 229
1743780686422 0.0 239
1743780691187 0.0 249
1743780695755 0.0 259
1743780700463 0.0 269
1743780705172 0.0 279
1743780710147 0.0 289
1743780715044 0.0 299
1743780719865 0.0 309
1743780724633 0.0 319
1743780729160 0.0 329
1743780734052 0.0 339
1743780738677 0.0 349
1743780743384 0.0 359
1743780748145 0.0 369
1743780752415 0.0 379
1743780756740 0.0 389
1743780760993 0.0 399
1743780765582 0.0 409
1743780769891 0.0 419
1743780773934 0.0 429
1743780778240 0.0 439
1743780782544 0.0 449
1743780786590 0.0 459
1743780790813 0.0 469
1743780795090 0.0 479
1743780799446 0.0 489
1743780804092 0.0 499
1743780808891 0.0 509
1743780813750 0.0 519
1743780818425 0.0 529
1743780822887 0.0 539
1743780827086 0.0 549
1743780831498 0.0 559
1743780835776 0.0 569
1743780839939 0.0 579
1743780844006 0.0 589
1743780848088 0.0 599
1743780852134 0.0 609
1743780857118 0.0 619
1743780858150 0.0 621
1743780859332 0.0 621
1743780864322 1.0 629
1743780869772 1.0 639
1743780874973 1.0 649
1743780879770 1.0 659
1743780884292 1.0 669
1743780888883 1.0 679
1743780893688 1.0 689
1743780898282 1.0 699
1743780902814 1.0 709
1743780907530 1.0 719
1743780912198 1.0 729
1743780916915 1.0 739
1743780921640 1.0 749
1743780926624 1.0 759
1743780931197 1.0 769
1743780936226 1.0 779
1743780941181 1.0 789
1743780945641 1.0 799
1743780950754 1.0 809
1743780955584 1.0 819
1743780960256 1.0 829
1743780965182 1.0 839
1743780970064 1.0 849
1743780975496 1.0 859
1743780980894 1.0 869
1743780985349 1.0 879
1743780990284 1.0 889
1743780995172 1.0 899
1743780999667 1.0 909
1743781004380 1.0 919
1743781008710 1.0 929
1743781013119 1.0 939
1743781017103 1.0 949
1743781021011 1.0 959
1743781024992 1.0 969
1743781029044 1.0 979
1743781033382 1.0 989
1743781037924 1.0 999
1743781042403 1.0 1009
1743781046810 1.0 1019
1743781051323 1.0 1029
1743781055733 1.0 1039
1743781059931 1.0 1049
1743781064202 1.0 1059
1743781068667 1.0 1069
1743781072915 1.0 1079
1743781077141 1.0 1089
1743781081535 1.0 1099
1743781085812 1.0 1109
1743781089903 1.0 1119
1743781094549 1.0 1129
1743781099357 1.0 1139
1743781104189 1.0 1149
1743781108847 1.0 1159
1743781113536 1.0 1169
1743781118581 1.0 1179
1743781122958 1.0 1189
1743781127606 1.0 1199
1743781132035 1.0 1209
1743781136525 1.0 1219
1743781141315 1.0 1229
1743781146263 1.0 1239
1743781148239 1.0 1243
1743781149363 1.0 1243
1743781152258 2.0 1249
1743781157004 2.0 1259
1743781161615 2.0 1269
1743781166197 2.0 1279
1743781170821 2.0 1289
1743781175708 2.0 1299
1743781180388 2.0 1309
1743781184839 2.0 1319
1743781189188 2.0 1329
1743781193408 2.0 1339
1743781197669 2.0 1349
1743781201725 2.0 1359
1743781205916 2.0 1369
1743781210074 2.0 1379
1743781214266 2.0 1389
1743781219166 2.0 1399
1743781224150 2.0 1409
1743781228922 2.0 1419
1743781233610 2.0 1429
1743781238010 2.0 1439
1743781242571 2.0 1449
1743781246839 2.0 1459
1743781251148 2.0 1469
1743781255447 2.0 1479
1743781259571 2.0 1489
1743781264057 2.0 1499
1743781268212 2.0 1509
1743781272401 2.0 1519
1743781276663 2.0 1529
1743781281075 2.0 1539
1743781285708 2.0 1549
1743781290233 2.0 1559
1743781294622 2.0 1569
1743781298980 2.0 1579
1743781303375 2.0 1589
1743781307580 2.0 1599
1743781311924 2.0 1609
1743781315923 2.0 1619
1743781320095 2.0 1629
1743781324075 2.0 1639
1743781328181 2.0 1649
1743781332629 2.0 1659
1743781337336 2.0 1669
1743781341947 2.0 1679
1743781346318 2.0 1689
1743781351361 2.0 1699
1743781356202 2.0 1709
1743781361120 2.0 1719
1743781365599 2.0 1729
1743781370213 2.0 1739
1743781374582 2.0 1749
1743781379004 2.0 1759
1743781383313 2.0 1769
1743781387930 2.0 1779
1743781392569 2.0 1789
1743781397319 2.0 1799
1743781401850 2.0 1809
1743781406370 2.0 1819
1743781410903 2.0 1829
1743781415584 2.0 1839
1743781420446 2.0 1849
1743781425236 2.0 1859
1743781428131 2.0 1865
1743781429637 2.0 1865
1743781431807 3.0 1869
1743781436512 3.0 1879
1743781441254 3.0 1889
1743781445958 3.0 1899
1743781450626 3.0 1909
1743781455371 3.0 1919
1743781460117 3.0 1929
1743781465037 3.0 1939
1743781469780 3.0 1949
1743781474555 3.0 1959
1743781479280 3.0 1969
1743781483827 3.0 1979
1743781488303 3.0 1989
1743781492684 3.0 1999
1743781496927 3.0 2009
1743781501287 3.0 2019
1743781505441 3.0 2029
1743781509745 3.0 2039
1743781514317 3.0 2049
1743781518666 3.0 2059
1743781523121 3.0 2069
1743781527601 3.0 2079
1743781532070 3.0 2089
1743781536503 3.0 2099
1743781541051 3.0 2109
1743781545440 3.0 2119
1743781549680 3.0 2129
1743781554208 3.0 2139
1743781558579 3.0 2149
1743781562766 3.0 2159
1743781566954 3.0 2169
1743781571304 3.0 2179
1743781575969 3.0 2189
1743781580947 3.0 2199
1743781585821 3.0 2209
1743781590394 3.0 2219
1743781595315 3.0 2229
1743781600371 3.0 2239
1743781604934 3.0 2249
1743781609597 3.0 2259
1743781614431 3.0 2269
1743781619108 3.0 2279
1743781623601 3.0 2289
1743781628220 3.0 2299
1743781632972 3.0 2309
1743781637352 3.0 2319
1743781642100 3.0 2329
1743781646845 3.0 2339
1743781651439 3.0 2349
1743781656119 3.0 2359
1743781661362 3.0 2369
1743781666552 3.0 2379
1743781671227 3.0 2389
1743781675804 3.0 2399
1743781680307 3.0 2409
1743781684847 3.0 2419
1743781689367 3.0 2429
1743781693595 3.0 2439
1743781698141 3.0 2449
1743781702512 3.0 2459
1743781707123 3.0 2469
1743781711624 3.0 2479
1743781715643 3.0 2487
1743781717038 3.0 2487
1743781718239 4.0 2489
1743781722601 4.0 2499
1743781726635 4.0 2509
1743781730832 4.0 2519
1743781734917 4.0 2529
1743781739034 4.0 2539
1743781743038 4.0 2549
1743781747216 4.0 2559
1743781751229 4.0 2569
1743781755605 4.0 2579
1743781760052 4.0 2589
1743781764518 4.0 2599
1743781768961 4.0 2609
1743781773409 4.0 2619
1743781777908 4.0 2629
1743781782303 4.0 2639
1743781786743 4.0 2649
1743781791065 4.0 2659
1743781795321 4.0 2669
1743781799557 4.0 2679
1743781804037 4.0 2689
1743781808399 4.0 2699
1743781812720 4.0 2709
1743781817559 4.0 2719
1743781822259 4.0 2729
1743781827137 4.0 2739
1743781832327 4.0 2749
1743781837288 4.0 2759
1743781842075 4.0 2769
1743781846614 4.0 2779
1743781851204 4.0 2789
1743781855832 4.0 2799
1743781860490 4.0 2809
1743781864947 4.0 2819
1743781869566 4.0 2829
1743781874374 4.0 2839
1743781879093 4.0 2849
1743781883810 4.0 2859
1743781888499 4.0 2869
1743781893565 4.0 2879
1743781898914 4.0 2889
1743781903890 4.0 2899
1743781909068 4.0 2909
1743781914287 4.0 2919
1743781919104 4.0 2929
1743781924179 4.0 2939
1743781928916 4.0 2949
1743781933823 4.0 2959
1743781938739 4.0 2969
1743781943410 4.0 2979
1743781947611 4.0 2989
1743781951929 4.0 2999
1743781956818 4.0 3009
1743781961437 4.0 3019
1743781965521 4.0 3029
1743781969533 4.0 3039
1743781973488 4.0 3049
1743781977708 4.0 3059
1743781981836 4.0 3069
1743781985823 4.0 3079
1743781989880 4.0 3089
1743781993984 4.0 3099
1743781998407 4.0 3109
1743781998584 4.0 3109
1743781999911 4.0 3109
1743782004755 5.0 3119
1743782009296 5.0 3129
1743782013672 5.0 3139
1743782018088 5.0 3149
1743782022416 5.0 3159
1743782026492 5.0 3169
1743782030754 5.0 3179
1743782035331 5.0 3189
1743782039431 5.0 3199
1743782043724 5.0 3209
1743782048067 5.0 3219
1743782052517 5.0 3229
1743782058265 5.0 3239
1743782063215 5.0 3249
1743782067874 5.0 3259
1743782073154 5.0 3269
1743782078432 5.0 3279
1743782083171 5.0 3289
1743782087799 5.0 3299
1743782092525 5.0 3309
1743782097406 5.0 3319
1743782102163 5.0 3329
1743782106969 5.0 3339
1743782111851 5.0 3349
1743782117404 5.0 3359
1743782122340 5.0 3369
1743782127422 5.0 3379
1743782132436 5.0 3389
1743782137445 5.0 3399
1743782142624 5.0 3409
1743782147747 5.0 3419
1743782152629 5.0 3429
1743782157550 5.0 3439
1743782162464 5.0 3449
1743782167449 5.0 3459
1743782172647 5.0 3469
1743782177602 5.0 3479
1743782182567 5.0 3489
1743782187818 5.0 3499
1743782192705 5.0 3509
1743782197613 5.0 3519
1743782202197 5.0 3529
1743782206268 5.0 3539
1743782210397 5.0 3549
1743782214530 5.0 3559
1743782218570 5.0 3569
1743782222661 5.0 3579
1743782226824 5.0 3589
1743782230839 5.0 3599
1743782235565 5.0 3609
1743782240273 5.0 3619
1743782244913 5.0 3629
1743782249268 5.0 3639
1743782253657 5.0 3649
1743782258247 5.0 3659
1743782262859 5.0 3669
1743782267100 5.0 3679
1743782271312 5.0 3689
1743782275594 5.0 3699
1743782279866 5.0 3709
1743782283931 5.0 3719
1743782288093 5.0 3729
1743782289227 5.0 3731
1743782290470 5.0 3731
1743782295559 6.0 3739
1743782300699 6.0 3749
1743782305745 6.0 3759
1743782310577 6.0 3769
1743782315757 6.0 3779
1743782321027 6.0 3789
1743782325710 6.0 3799
1743782330494 6.0 3809
1743782335363 6.0 3819
1743782339923 6.0 3829
1743782344416 6.0 3839
1743782348986 6.0 3849
1743782353556 6.0 3859
1743782358271 6.0 3869
1743782362920 6.0 3879
1743782367461 6.0 3889
1743782372143 6.0 3899
1743782376857 6.0 3909
1743782381414 6.0 3919
1743782385994 6.0 3929
1743782390182 6.0 3939
1743782394375 6.0 3949
1743782398623 6.0 3959
1743782402571 6.0 3969
1743782406526 6.0 3979
1743782410752 6.0 3989
1743782415047 6.0 3999
1743782419712 6.0 4009
1743782424368 6.0 4019
1743782428447 6.0 4029
1743782432635 6.0 4039
1743782437401 6.0 4049
1743782441936 6.0 4059
1743782446026 6.0 4069
1743782450136 6.0 4079
1743782454301 6.0 4089
1743782458411 6.0 4099
1743782462546 6.0 4109
1743782466798 6.0 4119
1743782471105 6.0 4129
1743782475613 6.0 4139
1743782480086 6.0 4149
1743782484535 6.0 4159
1743782488924 6.0 4169
1743782493467 6.0 4179
1743782498030 6.0 4189
1743782502379 6.0 4199
1743782506382 6.0 4209
1743782510614 6.0 4219
1743782514883 6.0 4229
1743782519091 6.0 4239
1743782523209 6.0 4249
1743782527413 6.0 4259
1743782531583 6.0 4269
1743782536776 6.0 4279
1743782542026 6.0 4289
1743782547033 6.0 4299
1743782552185 6.0 4309
1743782557594 6.0 4319
1743782562624 6.0 4329
1743782567160 6.0 4339
1743782571780 6.0 4349
1743782573760 6.0 4353
1743782575229 6.0 4353
