1743780583339 74.78842163085938 9
1743780587856 67.36721801757812 19
1743780592092 82.54605102539062 29
1743780596271 76.96573638916016 39
1743780600496 72.16983795166016 49
1743780604737 69.3659439086914 59
1743780609206 66.23104858398438 69
1743780613563 71.0208511352539 79
1743780618321 77.29383850097656 89
1743780622958 67.48019409179688 99
1743780627430 74.11579132080078 109
1743780632431 74.72595977783203 119
1743780636959 66.18741607666016 129
1743780641384 60.23638916015625 139
1743780645789 64.08750915527344 149
1743780650299 74.36727142333984 159
1743780654700 59.9732551574707 169
1743780659311 65.71136474609375 179
1743780663716 66.93958282470703 189
1743780668328 59.82269287109375 199
1743780672738 57.25419998168945 209
1743780677288 65.92357635498047 219
1743780681859 57.53990173339844 229
1743780686422 60.36724853515625 239
1743780691187 60.93999099731445 249
1743780695755 66.30284881591797 259
1743780700463 53.39152908325195 269
1743780705172 65.33316040039062 279
1743780710147 60.053436279296875 289
1743780715044 63.9698600769043 299
1743780719865 58.65003967285156 309
1743780724633 64.9965591430664 319
1743780729160 60.317745208740234 329
1743780734052 79.16339111328125 339
1743780738677 54.74431228637695 349
1743780743384 49.92338943481445 359
1743780748145 56.34593200683594 369
1743780752415 48.527740478515625 379
1743780756740 66.2802734375 389
1743780760993 67.77411651611328 399
1743780765582 61.702789306640625 409
1743780769891 59.23393630981445 419
1743780773934 53.47333908081055 429
1743780778240 57.028839111328125 439
1743780782544 51.25089645385742 449
1743780786590 60.26984786987305 459
1743780790813 47.72416687011719 469
1743780795090 48.4804573059082 479
1743780799446 53.55332946777344 489
1743780804092 46.31096267700195 499
1743780808891 47.520938873291016 509
1743780813750 56.57747268676758 519
1743780818425 43.44419479370117 529
1743780822887 47.4037971496582 539
1743780827086 60.28892517089844 549
1743780831498 56.78364181518555 559
1743780835776 49.03924560546875 569
1743780839939 58.64378356933594 579
1743780844006 58.51960754394531 589
1743780848088 55.97773361206055 599
1743780852134 47.31406784057617 609
1743780857118 49.68916320800781 619
1743780864322 47.3819465637207 629
1743780869772 45.88783645629883 639
1743780874973 40.74812698364258 649
1743780879770 40.45466613769531 659
1743780884292 46.78883743286133 669
1743780888883 41.48384094238281 679
1743780893688 42.7993278503418 689
1743780898282 49.63334655761719 699
1743780902814 39.920692443847656 709
1743780907530 51.47021484375 719
1743780912198 37.20932388305664 729
1743780916915 43.44270706176758 739
1743780921640 44.26346969604492 749
1743780926624 43.6866455078125 759
1743780931197 43.69743728637695 769
1743780936226 42.51140213012695 779
1743780941181 36.23557662963867 789
1743780945641 48.16768264770508 799
1743780950754 42.36381912231445 809
1743780955584 45.72613525390625 819
1743780960256 50.42351150512695 829
1743780965182 35.45356750488281 839
1743780970064 41.17799377441406 849
1743780975496 35.288246154785156 859
1743780980894 43.001949310302734 869
1743780985349 34.81510543823242 879
1743780990284 40.619022369384766 889
1743780995172 39.99061965942383 899
1743780999667 38.57565689086914 909
1743781004380 45.53190231323242 919
1743781008710 44.92853927612305 929
1743781013119 41.15872573852539 939
1743781017103 41.28226852416992 949
1743781021011 36.45859909057617 959
1743781024992 38.57588195800781 969
1743781029044 38.68290328979492 979
1743781033382 46.46225357055664 989
1743781037924 36.66099166870117 999
1743781042403 40.411537170410156 1009
1743781046810 27.6687068939209 1019
1743781051323 36.80659866333008 1029
1743781055733 36.52409744262695 1039
1743781059931 30.5156192779541 1049
1743781064202 31.788137435913086 1059
1743781068667 37.04269790649414 1069
1743781072915 38.89309310913086 1079
1743781077141 44.992340087890625 1089
1743781081535 37.52915573120117 1099
1743781085812 33.875301361083984 1109
1743781089903 35.56635665893555 1119
1743781094549 29.58732032775879 1129
1743781099357 37.079524993896484 1139
1743781104189 44.17744445800781 1149
1743781108847 28.84675407409668 1159
1743781113536 42.474586486816406 1169
1743781118581 31.131799697875977 1179
1743781122958 37.063377380371094 1189
1743781127606 31.792959213256836 1199
1743781132035 31.58433723449707 1209
1743781136525 33.63569641113281 1219
1743781141315 24.36454963684082 1229
1743781146263 28.01527976989746 1239
1743781152258 39.08498764038086 1249
1743781157004 32.43180847167969 1259
1743781161615 33.01152038574219 1269
1743781166197 31.038732528686523 1279
1743781170821 39.69482421875 1289
1743781175708 27.45794677734375 1299
1743781180388 32.364871978759766 1309
1743781184839 39.4556999206543 1319
1743781189188 36.38258743286133 1329
1743781193408 29.420440673828125 1339
1743781197669 34.899906158447266 1349
1743781201725 25.39345359802246 1359
1743781205916 36.48805236816406 1369
1743781210074 28.20038414001465 1379
1743781214266 28.510658264160156 1389
1743781219166 31.61414337158203 1399
1743781224150 33.21440124511719 1409
1743781228922 37.800209045410156 1419
1743781233610 28.58940887451172 1429
1743781238010 28.856048583984375 1439
1743781242571 29.6863956451416 1449
1743781246839 32.85995101928711 1459
1743781251148 29.265974044799805 1469
1743781255447 28.22498321533203 1479
1743781259571 31.97454833984375 1489
1743781264057 32.47998809814453 1499
1743781268212 39.89846420288086 1509
1743781272401 35.01420211791992 1519
1743781276663 28.29535484313965 1529
1743781281075 28.68787956237793 1539
1743781285708 25.75554656982422 1549
1743781290233 30.57659339904785 1559
1743781294622 24.352216720581055 1569
1743781298980 22.87981605529785 1579
1743781303375 34.3914794921875 1589
1743781307580 25.323036193847656 1599
1743781311924 29.89458465576172 1609
1743781315923 37.348758697509766 1619
1743781320095 24.275732040405273 1629
1743781324075 27.433191299438477 1639
1743781328181 35.02193069458008 1649
1743781332629 29.05942726135254 1659
1743781337336 27.20758056640625 1669
1743781341947 33.6633186340332 1679
1743781346318 30.175172805786133 1689
1743781351361 28.707048416137695 1699
1743781356202 32.51996612548828 1709
1743781361120 31.938756942749023 1719
1743781365599 27.09977912902832 1729
1743781370213 29.5952091217041 1739
1743781374582 24.37043571472168 1749
1743781379004 30.931787490844727 1759
1743781383313 23.989931106567383 1769
1743781387930 27.638566970825195 1779
1743781392569 34.68479919433594 1789
1743781397319 28.706899642944336 1799
1743781401850 30.91933250427246 1809
1743781406370 31.8779239654541 1819
1743781410903 25.447229385375977 1829
1743781415584 26.037109375 1839
1743781420446 25.732030868530273 1849
1743781425236 26.009658813476562 1859
1743781431807 22.207138061523438 1869
1743781436512 21.560941696166992 1879
1743781441254 26.655670166015625 1889
1743781445958 42.311946868896484 1899
1743781450626 22.249765396118164 1909
1743781455371 33.244075775146484 1919
1743781460117 33.7371940612793 1929
1743781465037 31.878149032592773 1939
1743781469780 22.29083251953125 1949
1743781474555 25.45294761657715 1959
1743781479280 30.123796463012695 1969
1743781483827 31.02771759033203 1979
1743781488303 19.096094131469727 1989
1743781492684 25.658119201660156 1999
1743781496927 20.325279235839844 2009
1743781501287 18.6990966796875 2019
1743781505441 24.674306869506836 2029
1743781509745 28.381288528442383 2039
1743781514317 25.666976928710938 2049
1743781518666 21.080615997314453 2059
1743781523121 23.514188766479492 2069
1743781527601 20.694107055664062 2079
1743781532070 26.53351402282715 2089
1743781536503 26.364221572875977 2099
1743781541051 27.5518741607666 2109
1743781545440 29.358495712280273 2119
1743781549680 26.085176467895508 2129
1743781554208 28.611120223999023 2139
1743781558579 23.50217628479004 2149
1743781562766 32.8267707824707 2159
1743781566954 26.7620906829834 2169
1743781571304 27.247413635253906 2179
1743781575969 23.435340881347656 2189
1743781580947 23.70707130432129 2199
1743781585821 29.03215980529785 2209
1743781590394 18.286890029907227 2219
1743781595315 21.04366111755371 2229
1743781600371 30.87581443786621 2239
1743781604934 28.93953514099121 2249
1743781609597 26.961206436157227 2259
1743781614431 28.02543067932129 2269
1743781619108 25.17601776123047 2279
1743781623601 25.793479919433594 2289
1743781628220 22.019790649414062 2299
1743781632972 23.76534080505371 2309
1743781637352 34.6711311340332 2319
1743781642100 26.416824340820312 2329
1743781646845 27.057748794555664 2339
1743781651439 22.061676025390625 2349
1743781656119 20.278806686401367 2359
1743781661362 26.61789894104004 2369
1743781666552 23.341012954711914 2379
1743781671227 23.296823501586914 2389
1743781675804 24.263715744018555 2399
1743781680307 21.152517318725586 2409
1743781684847 23.474252700805664 2419
1743781689367 26.644739151000977 2429
1743781693595 25.881179809570312 2439
1743781698141 38.57319259643555 2449
1743781702512 32.75666046142578 2459
1743781707123 25.5492000579834 2469
1743781711624 21.477401733398438 2479
1743781718239 30.0609188079834 2489
1743781722601 22.4724063873291 2499
1743781726635 27.710205078125 2509
1743781730832 21.71868896484375 2519
1743781734917 22.695276260375977 2529
1743781739034 18.96527671813965 2539
1743781743038 25.406431198120117 2549
1743781747216 22.479501724243164 2559
1743781751229 22.32814598083496 2569
1743781755605 26.09197998046875 2579
1743781760052 22.742523193359375 2589
1743781764518 20.556804656982422 2599
1743781768961 21.388153076171875 2609
1743781773409 22.26230812072754 2619
1743781777908 27.28719139099121 2629
1743781782303 23.75341033935547 2639
1743781786743 21.27500343322754 2649
1743781791065 23.37384033203125 2659
1743781795321 25.66023826599121 2669
1743781799557 26.753173828125 2679
1743781804037 24.432388305664062 2689
1743781808399 24.54573631286621 2699
1743781812720 28.361419677734375 2709
1743781817559 24.85764503479004 2719
1743781822259 22.08063316345215 2729
1743781827137 19.69162940979004 2739
1743781832327 23.237192153930664 2749
1743781837288 34.05878448486328 2759
1743781842075 17.844152450561523 2769
1743781846614 21.826345443725586 2779
1743781851204 23.375280380249023 2789
1743781855832 22.7186222076416 2799
1743781860490 23.276865005493164 2809
1743781864947 23.447622299194336 2819
1743781869566 24.052215576171875 2829
1743781874374 23.025659561157227 2839
1743781879093 22.564973831176758 2849
1743781883810 21.48564338684082 2859
1743781888499 21.16377067565918 2869
1743781893565 22.77596092224121 2879
1743781898914 24.626846313476562 2889
1743781903890 22.69843292236328 2899
1743781909068 22.339284896850586 2909
1743781914287 19.314254760742188 2919
1743781919104 33.53519058227539 2929
1743781924179 29.6978816986084 2939
1743781928916 23.56221580505371 2949
1743781933823 31.50494384765625 2959
1743781938739 17.798507690429688 2969
1743781943410 21.59056282043457 2979
1743781947611 21.671707153320312 2989
1743781951929 21.775650024414062 2999
1743781956818 23.88323402404785 3009
1743781961437 26.72548484802246 3019
1743781965521 28.79836082458496 3029
1743781969533 20.317384719848633 3039
1743781973488 22.099164962768555 3049
1743781977708 22.623390197753906 3059
1743781981836 24.0538330078125 3069
1743781985823 19.101158142089844 3079
1743781989880 21.909055709838867 3089
1743781993984 23.7337646484375 3099
1743781998407 24.08588218688965 3109
1743782004755 24.536020278930664 3119
1743782009296 21.1739444732666 3129
1743782013672 25.351858139038086 3139
1743782018088 24.36566162109375 3149
1743782022416 25.06647491455078 3159
1743782026492 19.35591697692871 3169
1743782030754 21.41107177734375 3179
1743782035331 31.29402732849121 3189
1743782039431 21.50642967224121 3199
1743782043724 26.182281494140625 3209
1743782048067 21.406198501586914 3219
1743782052517 24.334810256958008 3229
1743782058265 23.37043571472168 3239
1743782063215 25.165725708007812 3249
1743782067874 27.788002014160156 3259
1743782073154 23.269742965698242 3269
1743782078432 19.476673126220703 3279
1743782083171 24.05466651916504 3289
1743782087799 17.8210506439209 3299
1743782092525 22.38520622253418 3309
1743782097406 21.35437774658203 3319
1743782102163 20.9066104888916 3329
1743782106969 23.351778030395508 3339
1743782111851 21.5477352142334 3349
1743782117404 22.396814346313477 3359
1743782122340 17.35245704650879 3369
1743782127422 19.463685989379883 3379
1743782132436 20.12702751159668 3389
1743782137445 28.779165267944336 3399
1743782142624 24.692459106445312 3409
1743782147747 24.746444702148438 3419
1743782152629 27.178939819335938 3429
1743782157550 21.32411766052246 3439
1743782162464 23.639694213867188 3449
1743782167449 22.843046188354492 3459
1743782172647 21.129182815551758 3469
1743782177602 23.09236717224121 3479
1743782182567 23.85379981994629 3489
1743782187818 19.48561668395996 3499
1743782192705 26.40349769592285 3509
1743782197613 23.350202560424805 3519
1743782202197 22.232391357421875 3529
1743782206268 38.297874450683594 3539
1743782210397 18.505746841430664 3549
1743782214530 26.83222007751465 3559
1743782218570 21.475631713867188 3569
1743782222661 25.453475952148438 3579
1743782226824 23.07586097717285 3589
1743782230839 28.298513412475586 3599
1743782235565 23.278215408325195 3609
1743782240273 21.88771629333496 3619
1743782244913 18.189634323120117 3629
1743782249268 25.7874698638916 3639
1743782253657 25.15694236755371 3649
1743782258247 22.993728637695312 3659
1743782262859 21.76253318786621 3669
1743782267100 19.532316207885742 3679
1743782271312 23.361083984375 3689
1743782275594 29.735275268554688 3699
1743782279866 21.561683654785156 3709
1743782283931 28.07586669921875 3719
1743782288093 24.796743392944336 3729
1743782295559 23.868797302246094 3739
1743782300699 22.04254722595215 3749
1743782305745 21.052751541137695 3759
1743782310577 29.701126098632812 3769
1743782315757 21.155868530273438 3779
1743782321027 19.710229873657227 3789
1743782325710 27.107370376586914 3799
1743782330494 23.823205947875977 3809
1743782335363 26.27004051208496 3819
1743782339923 18.593143463134766 3829
1743782344416 23.211036682128906 3839
1743782348986 21.43949317932129 3849
1743782353556 21.990686416625977 3859
1743782358271 21.6629695892334 3869
1743782362920 23.727842330932617 3879
1743782367461 19.49652862548828 3889
1743782372143 22.378372192382812 3899
1743782376857 23.475807189941406 3909
1743782381414 18.018503189086914 3919
1743782385994 24.467636108398438 3929
1743782390182 22.046737670898438 3939
1743782394375 19.83544921875 3949
1743782398623 23.452600479125977 3959
1743782402571 26.166521072387695 3969
1743782406526 19.650251388549805 3979
1743782410752 22.803634643554688 3989
1743782415047 27.36696434020996 3999
1743782419712 19.01618194580078 4009
1743782424368 22.516250610351562 4019
1743782428447 22.269731521606445 4029
1743782432635 31.84307098388672 4039
1743782437401 18.10826873779297 4049
1743782441936 18.32781410217285 4059
1743782446026 26.554901123046875 4069
1743782450136 19.77461814880371 4079
1743782454301 22.88749885559082 4089
1743782458411 18.559532165527344 4099
1743782462546 25.8380184173584 4109
1743782466798 24.27431297302246 4119
1743782471105 32.8714714050293 4129
1743782475613 24.117589950561523 4139
1743782480086 20.192171096801758 4149
1743782484535 21.823593139648438 4159
1743782488924 21.15268898010254 4169
1743782493467 22.087860107421875 4179
1743782498030 21.797658920288086 4189
1743782502379 18.13858985900879 4199
1743782506382 21.284526824951172 4209
1743782510614 22.194067001342773 4219
1743782514883 21.68267250061035 4229
1743782519091 19.01591682434082 4239
1743782523209 20.394824981689453 4249
1743782527413 19.009462356567383 4259
1743782531583 29.372770309448242 4269
1743782536776 24.1649112701416 4279
1743782542026 17.06282615661621 4289
1743782547033 23.80814552307129 4299
1743782552185 16.55343246459961 4309
1743782557594 23.54808235168457 4319
1743782562624 24.112451553344727 4329
1743782567160 28.14336585998535 4339
1743782571780 21.978858947753906 4349
