1743928424148 0.0 9
1743928430117 0.0 19
1743928436415 0.0 29
1743928442418 0.0 39
1743928448564 0.0 49
1743928455262 0.0 59
1743928462476 0.0 69
1743928469430 0.0 79
1743928476848 0.0 89
1743928483653 0.0 99
1743928490587 0.0 109
1743928497851 0.0 119
1743928504842 0.0 129
1743928511635 0.0 139
1743928519058 0.0 149
1743928526644 0.0 159
1743928533894 0.0 169
1743928541442 0.0 179
1743928548694 0.0 189
1743928555462 0.0 199
1743928561672 0.0 209
1743928567827 0.0 219
1743928573932 0.0 229
1743928580148 0.0 239
1743928586192 0.0 249
1743928592257 0.0 259
1743928598460 0.0 269
1743928604723 0.0 279
1743928610651 0.0 289
1743928616801 0.0 299
1743928622810 0.0 309
1743928629182 0.0 319
1743928635580 0.0 329
1743928642220 0.0 339
1743928648778 0.0 349
1743928655327 0.0 359
1743928661979 0.0 369
1743928669664 0.0 379
1743928677299 0.0 389
1743928684555 0.0 399
1743928691956 0.0 409
1743928699311 0.0 419
1743928706605 0.0 429
1743928714015 0.0 439
1743928721251 0.0 449
1743928728319 0.0 459
1743928735301 0.0 469
1743928742149 0.0 479
1743928749346 0.0 489
1743928756447 0.0 499
1743928763421 0.0 509
1743928770073 0.0 519
1743928777391 0.0 529
1743928784452 0.0 539
1743928790838 0.0 549
1743928797131 0.0 559
1743928803078 0.0 569
1743928809283 0.0 579
1743928815277 0.0 589
1743928821690 0.0 599
1743928827631 0.0 609
1743928834099 0.0 619
1743928841133 0.0 629
1743928847546 0.0 639
1743928853885 0.0 649
1743928860016 0.0 659
1743928866189 0.0 669
1743928872402 0.0 679
1743928878842 0.0 689
1743928885518 0.0 699
1743928892239 0.0 709
1743928898783 0.0 719
1743928905254 0.0 729
1743928912225 0.0 739
1743928918839 0.0 749
1743928925335 0.0 759
1743928931488 0.0 769
1743928938658 0.0 779
1743928945992 0.0 789
1743928953362 0.0 799
1743928960619 0.0 809
1743928967635 0.0 819
1743928974848 0.0 829
1743928981520 0.0 839
1743928988502 0.0 849
1743928995391 0.0 859
1743929002305 0.0 869
1743929009805 0.0 879
1743929017245 0.0 889
1743929024386 0.0 899
1743929030668 0.0 909
1743929036985 0.0 919
1743929043065 0.0 929
1743929049667 0.0 939
1743929055843 0.0 949
1743929061926 0.0 959
1743929068015 0.0 969
1743929074218 0.0 979
1743929080665 0.0 989
1743929086737 0.0 999
1743929093100 0.0 1009
1743929099635 0.0 1019
1743929106047 0.0 1029
1743929112507 0.0 1039
1743929119016 0.0 1049
1743929125628 0.0 1059
1743929132306 0.0 1069
1743929138852 0.0 1079
1743929145444 0.0 1089
1743929151559 0.0 1099
1743929158036 0.0 1109
1743929165109 0.0 1119
1743929172671 0.0 1129
1743929179997 0.0 1139
1743929187430 0.0 1149
1743929194888 0.0 1159
1743929202106 0.0 1169
1743929209017 0.0 1179
1743929216129 0.0 1189
1743929222819 0.0 1199
1743929229869 0.0 1209
1743929236812 0.0 1219
1743929243929 0.0 1229
1743929251182 0.0 1239
1743929258412 0.0 1249
1743929265052 0.0 1259
1743929271233 0.0 1269
1743929277257 0.0 1279
1743929283596 0.0 1289
1743929289486 0.0 1299
1743929295544 0.0 1309
1743929301681 0.0 1319
1743929307795 0.0 1329
1743929313979 0.0 1339
1743929320154 0.0 1349
1743929326278 0.0 1359
1743929332361 0.0 1369
1743929338627 0.0 1379
1743929345018 0.0 1389
1743929351647 0.0 1399
1743929358298 0.0 1409
1743929364748 0.0 1419
1743929371010 0.0 1429
1743929377808 0.0 1439
1743929384321 0.0 1449
1743929391059 0.0 1459
1743929397542 0.0 1469
1743929404276 0.0 1479
1743929410960 0.0 1489
1743929417942 0.0 1499
1743929424897 0.0 1509
1743929432131 0.0 1519
1743929437969 0.0 1527
1743929441902 0.0 1527
1743929444016 1.0 1529
1743929450976 1.0 1539
1743929458243 1.0 1549
1743929465365 1.0 1559
1743929472347 1.0 1569
1743929479443 1.0 1579
1743929486890 1.0 1589
1743929494142 1.0 1599
1743929500741 1.0 1609
1743929507240 1.0 1619
1743929513469 1.0 1629
1743929519569 1.0 1639
1743929525951 1.0 1649
1743929531802 1.0 1659
1743929538593 1.0 1669
1743929545191 1.0 1679
1743929552400 1.0 1689
1743929559256 1.0 1699
1743929565775 1.0 1709
1743929571948 1.0 1719
1743929577957 1.0 1729
1743929583998 1.0 1739
1743929589922 1.0 1749
1743929596351 1.0 1759
1743929602725 1.0 1769
1743929609348 1.0 1779
1743929615894 1.0 1789
1743929622320 1.0 1799
1743929628660 1.0 1809
1743929634844 1.0 1819
1743929641249 1.0 1829
1743929647426 1.0 1839
1743929653932 1.0 1849
1743929661117 1.0 1859
1743929668409 1.0 1869
1743929675494 1.0 1879
1743929682544 1.0 1889
1743929689224 1.0 1899
1743929696065 1.0 1909
1743929702989 1.0 1919
1743929709852 1.0 1929
1743929716856 1.0 1939
1743929723688 1.0 1949
1743929731108 1.0 1959
1743929737997 1.0 1969
1743929745012 1.0 1979
1743929752263 1.0 1989
1743929758944 1.0 1999
1743929765172 1.0 2009
1743929771299 1.0 2019
1743929777988 1.0 2029
1743929785000 1.0 2039
1743929792091 1.0 2049
1743929799055 1.0 2059
1743929805492 1.0 2069
1743929811796 1.0 2079
1743929817823 1.0 2089
1743929824238 1.0 2099
1743929830292 1.0 2109
1743929836522 1.0 2119
1743929843360 1.0 2129
1743929850045 1.0 2139
1743929856744 1.0 2149
1743929863520 1.0 2159
1743929870232 1.0 2169
1743929876982 1.0 2179
1743929883014 1.0 2189
1743929889556 1.0 2199
1743929896294 1.0 2209
1743929903803 1.0 2219
1743929911661 1.0 2229
1743929919156 1.0 2239
1743929926128 1.0 2249
1743929933026 1.0 2259
1743929939793 1.0 2269
1743929946632 1.0 2279
1743929953537 1.0 2289
1743929960652 1.0 2299
1743929967440 1.0 2309
1743929974400 1.0 2319
1743929981452 1.0 2329
1743929988644 1.0 2339
1743929995562 1.0 2349
1743930002690 1.0 2359
1743930009641 1.0 2369
1743930016787 1.0 2379
1743930024034 1.0 2389
1743930031124 1.0 2399
1743930038143 1.0 2409
1743930044997 1.0 2419
1743930051198 1.0 2429
1743930057264 1.0 2439
1743930063324 1.0 2449
1743930069772 1.0 2459
1743930076242 1.0 2469
1743930082815 1.0 2479
1743930089365 1.0 2489
1743930095976 1.0 2499
1743930102660 1.0 2509
1743930109366 1.0 2519
1743930115568 1.0 2529
1743930121876 1.0 2539
1743930128167 1.0 2549
1743930134502 1.0 2559
1743930141724 1.0 2569
1743930148518 1.0 2579
1743930155971 1.0 2589
1743930163391 1.0 2599
1743930170997 1.0 2609
1743930178296 1.0 2619
1743930185292 1.0 2629
1743930192671 1.0 2639
1743930200044 1.0 2649
1743930206965 1.0 2659
1743930213631 1.0 2669
1743930221066 1.0 2679
1743930228373 1.0 2689
1743930235431 1.0 2699
1743930241642 1.0 2709
1743930247686 1.0 2719
1743930253686 1.0 2729
1743930260093 1.0 2739
1743930266188 1.0 2749
1743930272005 1.0 2759
1743930278163 1.0 2769
1743930284456 1.0 2779
1743930290260 1.0 2789
1743930296418 1.0 2799
1743930302355 1.0 2809
1743930308326 1.0 2819
1743930314493 1.0 2829
1743930321505 1.0 2839
1743930327883 1.0 2849
1743930334582 1.0 2859
1743930341384 1.0 2869
1743930347931 1.0 2879
1743930354095 1.0 2889
1743930360069 1.0 2899
1743930366132 1.0 2909
1743930372352 1.0 2919
1743930380151 1.0 2929
1743930387337 1.0 2939
1743930394911 1.0 2949
1743930402279 1.0 2959
1743930409240 1.0 2969
1743930416472 1.0 2979
1743930423255 1.0 2989
1743930430482 1.0 2999
1743930437675 1.0 3009
1743930444838 1.0 3019
1743930452068 1.0 3029
1743930459407 1.0 3039
1743930465894 1.0 3049
1743930469792 1.0 3055
1743930473719 1.0 3055
1743930476933 2.0 3059
1743930483025 2.0 3069
1743930489265 2.0 3079
1743930494870 2.0 3089
1743930500977 2.0 3099
1743930506818 2.0 3109
1743930512709 2.0 3119
1743930519367 2.0 3129
1743930525840 2.0 3139
1743930531812 2.0 3149
1743930538066 2.0 3159
1743930544391 2.0 3169
1743930550574 2.0 3179
1743930557172 2.0 3189
1743930563701 2.0 3199
1743930570329 2.0 3209
1743930577334 2.0 3219
1743930584074 2.0 3229
1743930590529 2.0 3239
1743930596574 2.0 3249
1743930603620 2.0 3259
1743930609922 2.0 3269
1743930617179 2.0 3279
1743930624485 2.0 3289
1743930631953 2.0 3299
1743930639390 2.0 3309
1743930646486 2.0 3319
1743930653285 2.0 3329
1743930660318 2.0 3339
1743930667591 2.0 3349
1743930674689 2.0 3359
1743930681815 2.0 3369
1743930689211 2.0 3379
1743930696224 2.0 3389
1743930703293 2.0 3399
1743930709364 2.0 3409
1743930715753 2.0 3419
1743930721899 2.0 3429
1743930728189 2.0 3439
1743930734157 2.0 3449
1743930740456 2.0 3459
1743930746446 2.0 3469
1743930753251 2.0 3479
1743930760092 2.0 3489
1743930766552 2.0 3499
1743930772792 2.0 3509
1743930778745 2.0 3519
1743930784936 2.0 3529
1743930791069 2.0 3539
1743930797482 2.0 3549
1743930804192 2.0 3559
1743930810888 2.0 3569
1743930817403 2.0 3579
1743930824312 2.0 3589
1743930830857 2.0 3599
1743930837598 2.0 3609
1743930844312 2.0 3619
1743930850838 2.0 3629
1743930857615 2.0 3639
1743930865047 2.0 3649
1743930871944 2.0 3659
1743930879142 2.0 3669
1743930886523 2.0 3679
1743930893357 2.0 3689
1743930900188 2.0 3699
1743930907275 2.0 3709
1743930914084 2.0 3719
1743930921644 2.0 3729
1743930928491 2.0 3739
1743930935900 2.0 3749
1743930943349 2.0 3759
1743930950657 2.0 3769
1743930957897 2.0 3779
1743930965242 2.0 3789
1743930972538 2.0 3799
1743930979529 2.0 3809
1743930986571 2.0 3819
1743930993745 2.0 3829
1743931000657 2.0 3839
1743931007049 2.0 3849
1743931013413 2.0 3859
1743931019618 2.0 3869
1743931025822 2.0 3879
1743931031910 2.0 3889
1743931038677 2.0 3899
1743931045524 2.0 3909
1743931052203 2.0 3919
1743931059044 2.0 3929
1743931065507 2.0 3939
1743931071866 2.0 3949
1743931078270 2.0 3959
1743931084828 2.0 3969
1743931091307 2.0 3979
1743931098596 2.0 3989
1743931105773 2.0 3999
1743931113383 2.0 4009
1743931120786 2.0 4019
1743931127931 2.0 4029
1743931134817 2.0 4039
1743931141802 2.0 4049
1743931148761 2.0 4059
1743931155623 2.0 4069
1743931162719 2.0 4079
1743931169671 2.0 4089
1743931176737 2.0 4099
1743931183702 2.0 4109
1743931190085 2.0 4119
1743931196578 2.0 4129
1743931202829 2.0 4139
1743931209433 2.0 4149
1743931216522 2.0 4159
1743931223407 2.0 4169
1743931230472 2.0 4179
1743931237194 2.0 4189
1743931243986 2.0 4199
1743931249856 2.0 4209
1743931255971 2.0 4219
1743931261911 2.0 4229
1743931268202 2.0 4239
1743931274456 2.0 4249
1743931281177 2.0 4259
1743931287816 2.0 4269
1743931294362 2.0 4279
1743931301118 2.0 4289
1743931307482 2.0 4299
1743931313791 2.0 4309
1743931320208 2.0 4319
1743931326249 2.0 4329
1743931332781 2.0 4339
1743931340517 2.0 4349
1743931348035 2.0 4359
1743931355485 2.0 4369
1743931363085 2.0 4379
1743931369956 2.0 4389
1743931376937 2.0 4399
1743931383807 2.0 4409
1743931390899 2.0 4419
1743931397695 2.0 4429
1743931405058 2.0 4439
1743931412382 2.0 4449
1743931419280 2.0 4459
1743931426344 2.0 4469
1743931432446 2.0 4479
1743931438782 2.0 4489
1743931444968 2.0 4499
1743931451102 2.0 4509
1743931457135 2.0 4519
1743931463184 2.0 4529
1743931469116 2.0 4539
1743931474939 2.0 4549
1743931481261 2.0 4559
1743931487150 2.0 4569
1743931493268 2.0 4579
1743931496200 2.0 4583
1743931500470 2.0 4583
1743931504967 3.0 4589
1743931510968 3.0 4599
1743931517363 3.0 4609
1743931524011 3.0 4619
1743931530496 3.0 4629
1743931537232 3.0 4639
1743931543797 3.0 4649
1743931550162 3.0 4659
1743931556389 3.0 4669
1743931562933 3.0 4679
1743931569479 3.0 4689
1743931576287 3.0 4699
1743931583117 3.0 4709
1743931590105 3.0 4719
1743931596689 3.0 4729
1743931603317 3.0 4739
1743931610226 3.0 4749
1743931617984 3.0 4759
1743931625442 3.0 4769
1743931633470 3.0 4779
1743931640727 3.0 4789
1743931648299 3.0 4799
1743931655417 3.0 4809
1743931662963 3.0 4819
1743931670834 3.0 4829
1743931678415 3.0 4839
1743931685784 3.0 4849
1743931693234 3.0 4859
1743931700580 3.0 4869
1743931707900 3.0 4879
1743931714879 3.0 4889
1743931722052 3.0 4899
1743931728199 3.0 4909
1743931734137 3.0 4919
1743931739992 3.0 4929
1743931746027 3.0 4939
1743931752183 3.0 4949
1743931758808 3.0 4959
1743931765434 3.0 4969
1743931772064 3.0 4979
1743931778726 3.0 4989
1743931785217 3.0 4999
1743931791347 3.0 5009
1743931797685 3.0 5019
1743931804161 3.0 5029
1743931810413 3.0 5039
1743931817374 3.0 5049
1743931824593 3.0 5059
1743931831902 3.0 5069
1743931839656 3.0 5079
1743931847047 3.0 5089
1743931853703 3.0 5099
1743931860442 3.0 5109
1743931867605 3.0 5119
1743931874596 3.0 5129
1743931881692 3.0 5139
1743931888891 3.0 5149
1743931895869 3.0 5159
1743931903404 3.0 5169
1743931910929 3.0 5179
1743931918245 3.0 5189
1743931925501 3.0 5199
1743931932790 3.0 5209
1743931939842 3.0 5219
1743931947085 3.0 5229
1743931953709 3.0 5239
1743931960739 3.0 5249
1743931967054 3.0 5259
1743931973213 3.0 5269
1743931979238 3.0 5279
1743931985565 3.0 5289
1743931991692 3.0 5299
1743931998223 3.0 5309
1743932004809 3.0 5319
1743932011467 3.0 5329
1743932018159 3.0 5339
1743932024780 3.0 5349
1743932031439 3.0 5359
1743932037730 3.0 5369
1743932043750 3.0 5379
1743932049754 3.0 5389
1743932056548 3.0 5399
1743932063364 3.0 5409
1743932071015 3.0 5419
1743932078012 3.0 5429
1743932085154 3.0 5439
1743932091985 3.0 5449
1743932098791 3.0 5459
1743932105585 3.0 5469
1743932112447 3.0 5479
1743932119817 3.0 5489
1743932127028 3.0 5499
1743932134244 3.0 5509
1743932141796 3.0 5519
1743932148178 3.0 5529
1743932154659 3.0 5539
1743932160938 3.0 5549
1743932167451 3.0 5559
1743932173852 3.0 5569
1743932179955 3.0 5579
1743932185854 3.0 5589
1743932191841 3.0 5599
1743932198399 3.0 5609
1743932204867 3.0 5619
1743932210816 3.0 5629
1743932216953 3.0 5639
1743932222631 3.0 5649
1743932228573 3.0 5659
1743932234934 3.0 5669
1743932241761 3.0 5679
1743932248672 3.0 5689
1743932255574 3.0 5699
1743932262209 3.0 5709
1743932268488 3.0 5719
1743932274630 3.0 5729
1743932281019 3.0 5739
1743932287223 3.0 5749
1743932293750 3.0 5759
1743932301628 3.0 5769
1743932308990 3.0 5779
1743932316794 3.0 5789
1743932324012 3.0 5799
1743932330799 3.0 5809
1743932337899 3.0 5819
1743932344829 3.0 5829
1743932351836 3.0 5839
1743932358866 3.0 5849
1743932366091 3.0 5859
1743932373084 3.0 5869
1743932380543 3.0 5879
1743932387773 3.0 5889
1743932395333 3.0 5899
1743932402573 3.0 5909
1743932410375 3.0 5919
1743932417471 3.0 5929
1743932424500 3.0 5939
1743932432026 3.0 5949
1743932439025 3.0 5959
1743932445822 3.0 5969
1743932452240 3.0 5979
1743932458385 3.0 5989
1743932464739 3.0 5999
1743932471023 3.0 6009
1743932477453 3.0 6019
1743932483877 3.0 6029
1743932490441 3.0 6039
1743932496915 3.0 6049
1743932503444 3.0 6059
1743932509970 3.0 6069
1743932516410 3.0 6079
1743932523092 3.0 6089
1743932529973 3.0 6099
1743932536772 3.0 6109
1743932538691 3.0 6111
1743932542850 3.0 6111
1743932549080 4.0 6119
1743932555901 4.0 6129
1743932563068 4.0 6139
1743932570008 4.0 6149
1743932576965 4.0 6159
1743932584489 4.0 6169
1743932591348 4.0 6179
1743932598438 4.0 6189
1743932605445 4.0 6199
1743932612535 4.0 6209
1743932619223 4.0 6219
1743932626641 4.0 6229
1743932633215 4.0 6239
1743932639960 4.0 6249
1743932646549 4.0 6259
1743932653510 4.0 6269
1743932659573 4.0 6279
1743932665898 4.0 6289
1743932672861 4.0 6299
1743932679759 4.0 6309
1743932686089 4.0 6319
1743932692262 4.0 6329
1743932698247 4.0 6339
1743932704548 4.0 6349
1743932710745 4.0 6359
1743932717346 4.0 6369
1743932723935 4.0 6379
1743932730436 4.0 6389
1743932736987 4.0 6399
1743932743905 4.0 6409
1743932750631 4.0 6419
1743932756889 4.0 6429
1743932763213 4.0 6439
1743932769386 4.0 6449
1743932776459 4.0 6459
1743932783531 4.0 6469
1743932790958 4.0 6479
1743932797800 4.0 6489
1743932804605 4.0 6499
1743932811408 4.0 6509
1743932818180 4.0 6519
1743932824931 4.0 6529
1743932831989 4.0 6539
1743932839014 4.0 6549
1743932847295 4.0 6559
1743932854382 4.0 6569
1743932861449 4.0 6579
1743932867902 4.0 6589
1743932874070 4.0 6599
1743932880705 4.0 6609
1743932887092 4.0 6619
1743932893569 4.0 6629
1743932899407 4.0 6639
1743932905616 4.0 6649
1743932911736 4.0 6659
1743932917793 4.0 6669
1743932923767 4.0 6679
1743932929864 4.0 6689
1743932936119 4.0 6699
1743932942990 4.0 6709
1743932949247 4.0 6719
1743932955488 4.0 6729
1743932962287 4.0 6739
1743932968768 4.0 6749
1743932975420 4.0 6759
1743932982050 4.0 6769
1743932988593 4.0 6779
1743932994876 4.0 6789
1743933001085 4.0 6799
1743933007379 4.0 6809
1743933013983 4.0 6819
1743933021743 4.0 6829
1743933028846 4.0 6839
1743933036452 4.0 6849
1743933043735 4.0 6859
1743933050638 4.0 6869
1743933058037 4.0 6879
1743933065511 4.0 6889
1743933072499 4.0 6899
1743933079419 4.0 6909
1743933086912 4.0 6919
1743933094199 4.0 6929
1743933101316 4.0 6939
1743933109175 4.0 6949
1743933116710 4.0 6959
1743933124284 4.0 6969
1743933131412 4.0 6979
1743933138464 4.0 6989
1743933145478 4.0 6999
1743933152340 4.0 7009
1743933158977 4.0 7019
1743933165346 4.0 7029
1743933171511 4.0 7039
1743933177747 4.0 7049
1743933184073 4.0 7059
1743933190009 4.0 7069
1743933196287 4.0 7079
1743933202970 4.0 7089
1743933209623 4.0 7099
1743933216303 4.0 7109
1743933222860 4.0 7119
1743933229735 4.0 7129
1743933236410 4.0 7139
1743933243047 4.0 7149
1743933249667 4.0 7159
1743933256382 4.0 7169
1743933263779 4.0 7179
1743933271333 4.0 7189
1743933278630 4.0 7199
1743933285709 4.0 7209
1743933292653 4.0 7219
1743933299903 4.0 7229
1743933307027 4.0 7239
1743933313931 4.0 7249
1743933321105 4.0 7259
1743933328851 4.0 7269
1743933336623 4.0 7279
1743933343640 4.0 7289
1743933350383 4.0 7299
1743933356794 4.0 7309
1743933363506 4.0 7319
1743933370140 4.0 7329
1743933376495 4.0 7339
1743933382635 4.0 7349
1743933388678 4.0 7359
1743933394915 4.0 7369
1743933401229 4.0 7379
1743933407345 4.0 7389
1743933413411 4.0 7399
1743933419581 4.0 7409
1743933425780 4.0 7419
1743933431799 4.0 7429
1743933438399 4.0 7439
1743933445093 4.0 7449
1743933451743 4.0 7459
1743933458494 4.0 7469
1743933464923 4.0 7479
1743933471343 4.0 7489
1743933477814 4.0 7499
1743933484336 4.0 7509
1743933490708 4.0 7519
1743933497418 4.0 7529
1743933505249 4.0 7539
1743933512309 4.0 7549
1743933519922 4.0 7559
1743933527038 4.0 7569
1743933534765 4.0 7579
1743933542153 4.0 7589
1743933549441 4.0 7599
1743933556443 4.0 7609
1743933563726 4.0 7619
1743933571029 4.0 7629
1743933578005 4.0 7639
1743933578375 4.0 7639
1743933582540 4.0 7639
1743933589772 5.0 7649
1743933596033 5.0 7659
1743933602090 5.0 7669
1743933608390 5.0 7679
1743933614720 5.0 7689
1743933621648 5.0 7699
1743933628562 5.0 7709
1743933635389 5.0 7719
1743933642402 5.0 7729
1743933648623 5.0 7739
1743933654740 5.0 7749
1743933660813 5.0 7759
1743933667402 5.0 7769
1743933673748 5.0 7779
1743933680463 5.0 7789
1743933686977 5.0 7799
1743933693535 5.0 7809
1743933700246 5.0 7819
1743933706940 5.0 7829
1743933713241 5.0 7839
1743933719549 5.0 7849
1743933726197 5.0 7859
1743933732226 5.0 7869
1743933739300 5.0 7879
1743933746306 5.0 7889
1743933753473 5.0 7899
1743933760602 5.0 7909
1743933767813 5.0 7919
1743933775236 5.0 7929
1743933782340 5.0 7939
1743933789315 5.0 7949
1743933796635 5.0 7959
1743933804138 5.0 7969
1743933811074 5.0 7979
1743933818653 5.0 7989
1743933826012 5.0 7999
1743933833026 5.0 8009
1743933840537 5.0 8019
1743933847928 5.0 8029
1743933855160 5.0 8039
1743933862544 5.0 8049
1743933869733 5.0 8059
1743933876710 5.0 8069
1743933883681 5.0 8079
1743933889789 5.0 8089
1743933896089 5.0 8099
1743933901744 5.0 8109
1743933908031 5.0 8119
1743933914343 5.0 8129
1743933920954 5.0 8139
1743933927732 5.0 8149
1743933934510 5.0 8159
1743933941126 5.0 8169
1743933947640 5.0 8179
1743933953596 5.0 8189
1743933960097 5.0 8199
1743933966328 5.0 8209
1743933972527 5.0 8219
1743933980270 5.0 8229
1743933987709 5.0 8239
1743933995179 5.0 8249
1743934002758 5.0 8259
1743934009713 5.0 8269
1743934016601 5.0 8279
1743934023401 5.0 8289
1743934030216 5.0 8299
1743934037485 5.0 8309
1743934044436 5.0 8319
1743934051471 5.0 8329
1743934058450 5.0 8339
1743934065843 5.0 8349
1743934072832 5.0 8359
1743934080317 5.0 8369
1743934087568 5.0 8379
1743934094399 5.0 8389
1743934101528 5.0 8399
1743934108931 5.0 8409
1743934116171 5.0 8419
1743934123230 5.0 8429
1743934129617 5.0 8439
1743934135591 5.0 8449
1743934141551 5.0 8459
1743934147743 5.0 8469
1743934154035 5.0 8479
1743934160694 5.0 8489
1743934167155 5.0 8499
1743934173750 5.0 8509
1743934180387 5.0 8519
1743934186545 5.0 8529
1743934193014 5.0 8539
1743934200565 5.0 8549
1743934207673 5.0 8559
1743934214034 5.0 8569
1743934221437 5.0 8579
1743934228810 5.0 8589
1743934236257 5.0 8599
1743934243604 5.0 8609
1743934250889 5.0 8619
1743934257713 5.0 8629
1743934264855 5.0 8639
1743934272010 5.0 8649
1743934279092 5.0 8659
1743934286075 5.0 8669
1743934293244 5.0 8679
1743934300552 5.0 8689
1743934307646 5.0 8699
1743934314832 5.0 8709
1743934322539 5.0 8719
1743934329468 5.0 8729
1743934336627 5.0 8739
1743934343775 5.0 8749
1743934350762 5.0 8759
1743934357923 5.0 8769
1743934364635 5.0 8779
1743934370558 5.0 8789
1743934376496 5.0 8799
1743934382830 5.0 8809
1743934388667 5.0 8819
1743934394724 5.0 8829
1743934401215 5.0 8839
1743934407951 5.0 8849
1743934414503 5.0 8859
1743934421188 5.0 8869
1743934427526 5.0 8879
1743934433632 5.0 8889
1743934440002 5.0 8899
1743934446401 5.0 8909
1743934452541 5.0 8919
1743934460285 5.0 8929
1743934468127 5.0 8939
1743934475855 5.0 8949
1743934483221 5.0 8959
1743934489983 5.0 8969
1743934497046 5.0 8979
1743934503835 5.0 8989
1743934510727 5.0 8999
1743934518014 5.0 9009
1743934525151 5.0 9019
1743934532215 5.0 9029
1743934539381 5.0 9039
1743934546066 5.0 9049
1743934552796 5.0 9059
1743934559447 5.0 9069
1743934566045 5.0 9079
1743934572455 5.0 9089
1743934579491 5.0 9099
1743934586709 5.0 9109
1743934593583 5.0 9119
1743934600836 5.0 9129
1743934606970 5.0 9139
1743934613077 5.0 9149
1743934619376 5.0 9159
1743934624501 5.0 9167
1743934628382 5.0 9167
1743934630587 6.0 9169
1743934636977 6.0 9179
1743934643517 6.0 9189
1743934650205 6.0 9199
1743934656895 6.0 9209
1743934663604 6.0 9219
1743934669899 6.0 9229
1743934676719 6.0 9239
1743934682988 6.0 9249
1743934689347 6.0 9259
1743934695726 6.0 9269
1743934702448 6.0 9279
1743934709023 6.0 9289
1743934715609 6.0 9299
1743934722335 6.0 9309
1743934729238 6.0 9319
1743934736657 6.0 9329
1743934743572 6.0 9339
1743934750463 6.0 9349
1743934757449 6.0 9359
1743934764587 6.0 9369
1743934771527 6.0 9379
1743934778542 6.0 9389
1743934785261 6.0 9399
1743934791302 6.0 9409
1743934797450 6.0 9419
1743934803617 6.0 9429
1743934809640 6.0 9439
1743934815576 6.0 9449
1743934822689 6.0 9459
1743934829897 6.0 9469
1743934836811 6.0 9479
1743934843837 6.0 9489
1743934849945 6.0 9499
1743934856383 6.0 9509
1743934862528 6.0 9519
1743934868705 6.0 9529
1743934874986 6.0 9539
1743934881968 6.0 9549
1743934888783 6.0 9559
1743934895402 6.0 9569
1743934902175 6.0 9579
1743934908400 6.0 9589
1743934914776 6.0 9599
1743934921079 6.0 9609
1743934927214 6.0 9619
1743934933351 6.0 9629
1743934940569 6.0 9639
1743934947905 6.0 9649
1743934955035 6.0 9659
1743934962097 6.0 9669
1743934969191 6.0 9679
1743934976435 6.0 9689
1743934983808 6.0 9699
1743934991156 6.0 9709
1743934998277 6.0 9719
1743935005872 6.0 9729
1743935012990 6.0 9739
1743935020329 6.0 9749
1743935027765 6.0 9759
1743935035177 6.0 9769
1743935041675 6.0 9779
1743935047928 6.0 9789
1743935054023 6.0 9799
1743935059960 6.0 9809
1743935065739 6.0 9819
1743935071723 6.0 9829
1743935077592 6.0 9839
1743935083662 6.0 9849
1743935089344 6.0 9859
1743935095378 6.0 9869
1743935101352 6.0 9879
1743935107675 6.0 9889
1743935113655 6.0 9899
1743935120417 6.0 9909
1743935127012 6.0 9919
1743935133696 6.0 9929
1743935140642 6.0 9939
1743935147182 6.0 9949
1743935153501 6.0 9959
1743935159447 6.0 9969
1743935165868 6.0 9979
1743935172514 6.0 9989
1743935179683 6.0 9999
1743935186809 6.0 10009
1743935194124 6.0 10019
1743935201400 6.0 10029
1743935208485 6.0 10039
1743935215560 6.0 10049
1743935222633 6.0 10059
1743935229606 6.0 10069
1743935236794 6.0 10079
1743935244101 6.0 10089
1743935251243 6.0 10099
1743935258478 6.0 10109
1743935265982 6.0 10119
1743935273122 6.0 10129
1743935280591 6.0 10139
1743935287996 6.0 10149
1743935295343 6.0 10159
1743935302782 6.0 10169
1743935309518 6.0 10179
1743935316703 6.0 10189
1743935323782 6.0 10199
1743935329910 6.0 10209
1743935336000 6.0 10219
1743935342400 6.0 10229
1743935348343 6.0 10239
1743935354696 6.0 10249
1743935361301 6.0 10259
1743935368121 6.0 10269
1743935374652 6.0 10279
1743935381872 6.0 10289
1743935390128 6.0 10299
1743935397076 6.0 10309
1743935403776 6.0 10319
1743935410683 6.0 10329
1743935417860 6.0 10339
1743935425325 6.0 10349
1743935432670 6.0 10359
1743935440647 6.0 10369
1743935448474 6.0 10379
1743935456763 6.0 10389
1743935464533 6.0 10399
1743935471388 6.0 10409
1743935478289 6.0 10419
1743935485284 6.0 10429
1743935492667 6.0 10439
1743935499958 6.0 10449
1743935507287 6.0 10459
1743935514535 6.0 10469
1743935522447 6.0 10479
1743935529237 6.0 10489
1743935536376 6.0 10499
1743935543429 6.0 10509
1743935550460 6.0 10519
1743935557417 6.0 10529
1743935564543 6.0 10539
1743935571261 6.0 10549
1743935577437 6.0 10559
1743935583450 6.0 10569
1743935589676 6.0 10579
1743935595800 6.0 10589
1743935602595 6.0 10599
1743935609494 6.0 10609
1743935616361 6.0 10619
1743935623032 6.0 10629
1743935629314 6.0 10639
1743935636316 6.0 10649
1743935642816 6.0 10659
1743935649245 6.0 10669
1743935655807 6.0 10679
1743935663224 6.0 10689
1743935668130 6.0 10695
1743935672510 6.0 10695
1743935676058 7.0 10699
1743935683089 7.0 10709
1743935689851 7.0 10719
1743935696743 7.0 10729
1743935703409 7.0 10739
1743935710108 7.0 10749
1743935717252 7.0 10759
1743935723543 7.0 10769
1743935730169 7.0 10779
1743935736897 7.0 10789
1743935743870 7.0 10799
1743935749887 7.0 10809
1743935756095 7.0 10819
1743935762215 7.0 10829
1743935768183 7.0 10839
1743935774817 7.0 10849
1743935781799 7.0 10859
1743935788756 7.0 10869
1743935796001 7.0 10879
1743935803125 7.0 10889
1743935809012 7.0 10899
1743935815212 7.0 10909
1743935821209 7.0 10919
1743935827449 7.0 10929
1743935833440 7.0 10939
1743935839981 7.0 10949
1743935846914 7.0 10959
1743935853548 7.0 10969
1743935860207 7.0 10979
1743935866553 7.0 10989
1743935872631 7.0 10999
1743935878658 7.0 11009
1743935885351 7.0 11019
1743935892000 7.0 11029
1743935899051 7.0 11039
1743935906103 7.0 11049
1743935912978 7.0 11059
1743935920241 7.0 11069
1743935927276 7.0 11079
1743935934511 7.0 11089
1743935941254 7.0 11099
1743935948158 7.0 11109
1743935955114 7.0 11119
1743935962249 7.0 11129
1743935969387 7.0 11139
1743935976403 7.0 11149
1743935983812 7.0 11159
1743935991040 7.0 11169
1743935998077 7.0 11179
1743936004692 7.0 11189
1743936011270 7.0 11199
1743936018339 7.0 11209
1743936025446 7.0 11219
1743936032339 7.0 11229
1743936039318 7.0 11239
1743936045927 7.0 11249
1743936051766 7.0 11259
1743936057870 7.0 11269
1743936064013 7.0 11279
1743936070200 7.0 11289
1743936076854 7.0 11299
1743936083369 7.0 11309
1743936089813 7.0 11319
1743936096559 7.0 11329
1743936103136 7.0 11339
1743936110115 7.0 11349
1743936116757 7.0 11359
1743936123595 7.0 11369
1743936130387 7.0 11379
1743936138039 7.0 11389
1743936145667 7.0 11399
1743936153208 7.0 11409
1743936160182 7.0 11419
1743936167046 7.0 11429
1743936173939 7.0 11439
1743936181098 7.0 11449
1743936187920 7.0 11459
1743936195271 7.0 11469
1743936202197 7.0 11479
1743936209493 7.0 11489
1743936216648 7.0 11499
1743936223683 7.0 11509
1743936229795 7.0 11519
1743936236127 7.0 11529
1743936242205 7.0 11539
1743936248358 7.0 11549
1743936254372 7.0 11559
1743936260380 7.0 11569
1743936267500 7.0 11579
1743936274483 7.0 11589
1743936281582 7.0 11599
1743936287604 7.0 11609
1743936293731 7.0 11619
1743936299673 7.0 11629
1743936305909 7.0 11639
1743936312104 7.0 11649
1743936318753 7.0 11659
1743936325370 7.0 11669
1743936332293 7.0 11679
1743936338945 7.0 11689
1743936345381 7.0 11699
1743936351600 7.0 11709
1743936357619 7.0 11719
1743936363641 7.0 11729
1743936370109 7.0 11739
1743936377177 7.0 11749
1743936384382 7.0 11759
1743936391245 7.0 11769
1743936398384 7.0 11779
1743936405248 7.0 11789
1743936412035 7.0 11799
1743936418925 7.0 11809
1743936425493 7.0 11819
1743936432432 7.0 11829
1743936439512 7.0 11839
1743936446404 7.0 11849
1743936453450 7.0 11859
1743936460569 7.0 11869
1743936467909 7.0 11879
1743936475073 7.0 11889
1743936481298 7.0 11899
1743936488378 7.0 11909
1743936495927 7.0 11919
1743936503570 7.0 11929
1743936510402 7.0 11939
1743936516753 7.0 11949
1743936522800 7.0 11959
1743936529217 7.0 11969
1743936535370 7.0 11979
1743936541456 7.0 11989
1743936547637 7.0 11999
1743936553629 7.0 12009
1743936560481 7.0 12019
1743936568099 7.0 12029
1743936574791 7.0 12039
1743936581884 7.0 12049
1743936588339 7.0 12059
1743936594539 7.0 12069
1743936600869 7.0 12079
1743936607376 7.0 12089
1743936613285 7.0 12099
1743936620551 7.0 12109
1743936627714 7.0 12119
1743936634297 7.0 12129
1743936641345 7.0 12139
1743936648073 7.0 12149
1743936655291 7.0 12159
1743936662585 7.0 12169
1743936670739 7.0 12179
1743936678111 7.0 12189
1743936685106 7.0 12199
1743936691975 7.0 12209
1743936699885 7.0 12219
1743936703113 7.0 12223
1743936707268 7.0 12223
1743936711882 8.0 12229
1743936717886 8.0 12239
1743936723904 8.0 12249
1743936730241 8.0 12259
1743936736264 8.0 12269
1743936742400 8.0 12279
1743936748495 8.0 12289
1743936754929 8.0 12299
1743936761613 8.0 12309
1743936767782 8.0 12319
1743936773839 8.0 12329
1743936780083 8.0 12339
1743936786305 8.0 12349
1743936792255 8.0 12359
1743936798955 8.0 12369
1743936805768 8.0 12379
1743936812257 8.0 12389
1743936818834 8.0 12399
1743936825266 8.0 12409
1743936832160 8.0 12419
1743936839525 8.0 12429
1743936846894 8.0 12439
1743936853389 8.0 12449
1743936861040 8.0 12459
1743936868198 8.0 12469
1743936875938 8.0 12479
1743936883661 8.0 12489
1743936890624 8.0 12499
1743936897472 8.0 12509
1743936904134 8.0 12519
1743936910822 8.0 12529
1743936917623 8.0 12539
1743936924481 8.0 12549
1743936931220 8.0 12559
1743936938491 8.0 12569
1743936945578 8.0 12579
1743936952354 8.0 12589
1743936958635 8.0 12599
1743936965074 8.0 12609
1743936971660 8.0 12619
1743936978401 8.0 12629
1743936984431 8.0 12639
1743936990539 8.0 12649
1743936997469 8.0 12659
1743937004253 8.0 12669
1743937010527 8.0 12679
1743937016679 8.0 12689
1743937023074 8.0 12699
1743937029428 8.0 12709
1743937035890 8.0 12719
1743937042383 8.0 12729
1743937049247 8.0 12739
1743937056620 8.0 12749
1743937063525 8.0 12759
1743937070366 8.0 12769
1743937076857 8.0 12779
1743937083488 8.0 12789
1743937089730 8.0 12799
1743937096413 8.0 12809
1743937104177 8.0 12819
1743937111705 8.0 12829
1743937119390 8.0 12839
1743937126599 8.0 12849
1743937133696 8.0 12859
1743937140593 8.0 12869
1743937147371 8.0 12879
1743937154409 8.0 12889
1743937161574 8.0 12899
1743937168594 8.0 12909
1743937176015 8.0 12919
1743937183047 8.0 12929
1743937189111 8.0 12939
1743937195138 8.0 12949
1743937201489 8.0 12959
1743937207722 8.0 12969
1743937213608 8.0 12979
1743937220620 8.0 12989
1743937227771 8.0 12999
1743937234521 8.0 13009
1743937241704 8.0 13019
1743937247968 8.0 13029
1743937254308 8.0 13039
1743937260544 8.0 13049
1743937266685 8.0 13059
1743937272628 8.0 13069
1743937279108 8.0 13079
1743937285785 8.0 13089
1743937292625 8.0 13099
1743937299225 8.0 13109
1743937305854 8.0 13119
1743937312040 8.0 13129
1743937318003 8.0 13139
1743937324274 8.0 13149
1743937330559 8.0 13159
1743937338025 8.0 13169
1743937345401 8.0 13179
1743937352630 8.0 13189
1743937360021 8.0 13199
1743937367469 8.0 13209
1743937374488 8.0 13219
1743937381661 8.0 13229
1743937388895 8.0 13239
1743937396051 8.0 13249
1743937403851 8.0 13259
1743937411666 8.0 13269
1743937418572 8.0 13279
1743937425330 8.0 13289
1743937431726 8.0 13299
1743937438426 8.0 13309
1743937445005 8.0 13319
1743937451120 8.0 13329
1743937458148 8.0 13339
1743937465293 8.0 13349
1743937472374 8.0 13359
1743937479666 8.0 13369
1743937486477 8.0 13379
1743937492577 8.0 13389
1743937498904 8.0 13399
1743937505102 8.0 13409
1743937511143 8.0 13419
1743937517459 8.0 13429
1743937524071 8.0 13439
1743937530849 8.0 13449
1743937537356 8.0 13459
1743937543857 8.0 13469
1743937550174 8.0 13479
1743937556080 8.0 13489
1743937562666 8.0 13499
1743937569578 8.0 13509
1743937576325 8.0 13519
1743937583487 8.0 13529
1743937590565 8.0 13539
1743937597722 8.0 13549
1743937605019 8.0 13559
1743937611696 8.0 13569
1743937618549 8.0 13579
1743937625437 8.0 13589
1743937632107 8.0 13599
1743937639438 8.0 13609
1743937646533 8.0 13619
1743937653482 8.0 13629
1743937660903 8.0 13639
1743937668080 8.0 13649
1743937674041 8.0 13659
1743937680221 8.0 13669
1743937686888 8.0 13679
1743937693215 8.0 13689
1743937700403 8.0 13699
1743937707723 8.0 13709
1743937714807 8.0 13719
1743937721696 8.0 13729
1743937727919 8.0 13739
1743937734228 8.0 13749
1743937735832 8.0 13751
1743937740019 8.0 13751
1743937745758 9.0 13759
1743937752008 9.0 13769
1743937758862 9.0 13779
1743937765706 9.0 13789
1743937772449 9.0 13799
1743937779230 9.0 13809
1743937785707 9.0 13819
1743937792369 9.0 13829
1743937798637 9.0 13839
1743937804863 9.0 13849
1743937811495 9.0 13859
1743937818190 9.0 13869
1743937825039 9.0 13879
1743937831594 9.0 13889
1743937838938 9.0 13899
1743937845754 9.0 13909
1743937852773 9.0 13919
1743937859672 9.0 13929
1743937866310 9.0 13939
1743937873128 9.0 13949
1743937880588 9.0 13959
1743937887614 9.0 13969
1743937894914 9.0 13979
1743937902114 9.0 13989
1743937909322 9.0 13999
1743937916541 9.0 14009
1743937923443 9.0 14019
1743937930503 9.0 14029
1743937937724 9.0 14039
1743937944313 9.0 14049
1743937951484 9.0 14059
1743937958620 9.0 14069
1743937965127 9.0 14079
1743937971291 9.0 14089
1743937977673 9.0 14099
1743937983558 9.0 14109
1743937989501 9.0 14119
1743937995885 9.0 14129
1743938002469 9.0 14139
1743938009645 9.0 14149
1743938016324 9.0 14159
1743938023030 9.0 14169
1743938029346 9.0 14179
1743938035448 9.0 14189
1743938041928 9.0 14199
1743938048960 9.0 14209
1743938055588 9.0 14219
1743938062982 9.0 14229
1743938070415 9.0 14239
1743938077750 9.0 14249
1743938085098 9.0 14259
1743938092135 9.0 14269
1743938098959 9.0 14279
1743938106108 9.0 14289
1743938112830 9.0 14299
1743938119972 9.0 14309
1743938126938 9.0 14319
1743938134356 9.0 14329
1743938141504 9.0 14339
1743938148042 9.0 14349
1743938154046 9.0 14359
1743938160031 9.0 14369
1743938166360 9.0 14379
1743938172226 9.0 14389
1743938178254 9.0 14399
1743938184210 9.0 14409
1743938190423 9.0 14419
1743938197301 9.0 14429
1743938204456 9.0 14439
1743938210549 9.0 14449
1743938216445 9.0 14459
1743938222519 9.0 14469
1743938228701 9.0 14479
1743938234755 9.0 14489
1743938241601 9.0 14499
1743938248195 9.0 14509
1743938254725 9.0 14519
1743938261341 9.0 14529
1743938268439 9.0 14539
1743938276022 9.0 14549
1743938283030 9.0 14559
1743938289380 9.0 14569
1743938296359 9.0 14579
1743938303864 9.0 14589
1743938311378 9.0 14599
1743938318696 9.0 14609
1743938326061 9.0 14619
1743938333202 9.0 14629
1743938340133 9.0 14639
1743938347254 9.0 14649
1743938354415 9.0 14659
1743938361870 9.0 14669
1743938369039 9.0 14679
1743938377456 9.0 14689
1743938384483 9.0 14699
1743938391830 9.0 14709
1743938399531 9.0 14719
1743938406907 9.0 14729
1743938414054 9.0 14739
1743938421158 9.0 14749
1743938428383 9.0 14759
1743938435772 9.0 14769
1743938442808 9.0 14779
1743938448732 9.0 14789
1743938454830 9.0 14799
1743938460932 9.0 14809
1743938466843 9.0 14819
1743938472916 9.0 14829
1743938480984 9.0 14839
1743938487744 9.0 14849
1743938494478 9.0 14859
1743938501313 9.0 14869
1743938507447 9.0 14879
1743938513990 9.0 14889
1743938520178 9.0 14899
1743938526390 9.0 14909
1743938532935 9.0 14919
1743938540018 9.0 14929
1743938547391 9.0 14939
1743938554639 9.0 14949
1743938562036 9.0 14959
1743938568906 9.0 14969
1743938575778 9.0 14979
1743938582798 9.0 14989
1743938589851 9.0 14999
1743938596901 9.0 15009
1743938604347 9.0 15019
1743938611657 9.0 15029
1743938618930 9.0 15039
1743938625692 9.0 15049
1743938632208 9.0 15059
1743938638198 9.0 15069
1743938644329 9.0 15079
1743938650746 9.0 15089
1743938658137 9.0 15099
1743938665459 9.0 15109
1743938672693 9.0 15119
1743938679845 9.0 15129
1743938686446 9.0 15139
1743938692438 9.0 15149
1743938698426 9.0 15159
1743938704587 9.0 15169
1743938710757 9.0 15179
1743938717316 9.0 15189
1743938724269 9.0 15199
1743938731295 9.0 15209
1743938738162 9.0 15219
1743938744882 9.0 15229
1743938751149 9.0 15239
1743938757241 9.0 15249
1743938763858 9.0 15259
1743938769933 9.0 15269
1743938776980 9.0 15279
1743938777425 9.0 15279
1743938781674 9.0 15279
1743938790285 10.0 15289
1743938797687 10.0 15299
1743938805110 10.0 15309
1743938812156 10.0 15319
1743938818979 10.0 15329
1743938825797 10.0 15339
1743938832371 10.0 15349
1743938839232 10.0 15359
1743938845886 10.0 15369
1743938853047 10.0 15379
1743938860320 10.0 15389
1743938867308 10.0 15399
1743938873311 10.0 15409
1743938880199 10.0 15419
1743938887624 10.0 15429
1743938895071 10.0 15439
1743938902576 10.0 15449
1743938909833 10.0 15459
1743938917238 10.0 15469
1743938924137 10.0 15479
1743938930237 10.0 15489
1743938936229 10.0 15499
1743938942177 10.0 15509
1743938948168 10.0 15519
1743938954333 10.0 15529
1743938961091 10.0 15539
1743938968117 10.0 15549
1743938974993 10.0 15559
1743938982016 10.0 15569
1743938988318 10.0 15579
1743938994694 10.0 15589
1743939000851 10.0 15599
1743939007611 10.0 15609
1743939014086 10.0 15619
1743939021165 10.0 15629
1743939028469 10.0 15639
1743939035856 10.0 15649
1743939042731 10.0 15659
1743939049594 10.0 15669
1743939056623 10.0 15679
1743939063281 10.0 15689
1743939070212 10.0 15699
1743939077146 10.0 15709
1743939084543 10.0 15719
1743939091659 10.0 15729
1743939099109 10.0 15739
1743939106203 10.0 15749
1743939113229 10.0 15759
1743939120376 10.0 15769
1743939127376 10.0 15779
1743939134592 10.0 15789
1743939141783 10.0 15799
1743939149263 10.0 15809
1743939156550 10.0 15819
1743939163386 10.0 15829
1743939169198 10.0 15839
1743939175071 10.0 15849
1743939181228 10.0 15859
1743939187298 10.0 15869
1743939193517 10.0 15879
1743939200174 10.0 15889
1743939207039 10.0 15899
1743939213729 10.0 15909
1743939220661 10.0 15919
1743939227510 10.0 15929
1743939233498 10.0 15939
1743939239879 10.0 15949
1743939246107 10.0 15959
1743939252178 10.0 15969
1743939259870 10.0 15979
1743939267198 10.0 15989
1743939274648 10.0 15999
1743939282026 10.0 16009
1743939289313 10.0 16019
1743939296582 10.0 16029
1743939303636 10.0 16039
1743939310961 10.0 16049
1743939318528 10.0 16059
1743939326123 10.0 16069
1743939333585 10.0 16079
1743939340552 10.0 16089
1743939347229 10.0 16099
1743939353437 10.0 16109
1743939360164 10.0 16119
1743939366571 10.0 16129
1743939373348 10.0 16139
1743939380510 10.0 16149
1743939387754 10.0 16159
1743939395116 10.0 16169
1743939402296 10.0 16179
1743939408256 10.0 16189
1743939414185 10.0 16199
1743939420139 10.0 16209
1743939426053 10.0 16219
1743939432025 10.0 16229
1743939438474 10.0 16239
1743939445251 10.0 16249
1743939451760 10.0 16259
1743939458433 10.0 16269
1743939464849 10.0 16279
1743939471140 10.0 16289
1743939477449 10.0 16299
1743939483779 10.0 16309
1743939490521 10.0 16319
1743939497028 10.0 16329
1743939504227 10.0 16339
1743939511312 10.0 16349
1743939518586 10.0 16359
1743939525539 10.0 16369
1743939532294 10.0 16379
1743939539217 10.0 16389
1743939546193 10.0 16399
1743939552912 10.0 16409
1743939560055 10.0 16419
1743939567142 10.0 16429
1743939574632 10.0 16439
1743939581751 10.0 16449
1743939588787 10.0 16459
1743939596372 10.0 16469
1743939603679 10.0 16479
1743939611326 10.0 16489
1743939618391 10.0 16499
1743939625609 10.0 16509
1743939632034 10.0 16519
1743939638028 10.0 16529
1743939644586 10.0 16539
1743939650490 10.0 16549
1743939656524 10.0 16559
1743939662433 10.0 16569
1743939668403 10.0 16579
1743939674338 10.0 16589
1743939681216 10.0 16599
1743939687851 10.0 16609
1743939694601 10.0 16619
1743939701333 10.0 16629
1743939707968 10.0 16639
1743939714297 10.0 16649
1743939720383 10.0 16659
1743939727383 10.0 16669
1743939735151 10.0 16679
1743939742299 10.0 16689
1743939749608 10.0 16699
1743939756898 10.0 16709
1743939764175 10.0 16719
1743939771179 10.0 16729
1743939778492 10.0 16739
1743939785878 10.0 16749
1743939793204 10.0 16759
1743939800427 10.0 16769
1743939807614 10.0 16779
1743939814916 10.0 16789
1743939822393 10.0 16799
1743939828634 10.0 16807
1743939832902 10.0 16807
1743939834945 11.0 16809
1743939841331 11.0 16819
1743939847804 11.0 16829
1743939854196 11.0 16839
1743939859918 11.0 16849
1743939866075 11.0 16859
1743939872950 11.0 16869
1743939879746 11.0 16879
1743939886277 11.0 16889
1743939892316 11.0 16899
1743939898310 11.0 16909
1743939904574 11.0 16919
1743939910736 11.0 16929
1743939917483 11.0 16939
1743939923876 11.0 16949
1743939931847 11.0 16959
1743939939524 11.0 16969
1743939946233 11.0 16979
1743939952373 11.0 16989
1743939959286 11.0 16999
1743939965460 11.0 17009
1743939971684 11.0 17019
1743939978420 11.0 17029
1743939985523 11.0 17039
1743939992749 11.0 17049
1743939999251 11.0 17059
1743940006268 11.0 17069
1743940013035 11.0 17079
1743940019795 11.0 17089
1743940026713 11.0 17099
1743940033634 11.0 17109
1743940041483 11.0 17119
1743940049278 11.0 17129
1743940056561 11.0 17139
1743940063858 11.0 17149
1743940071437 11.0 17159
1743940078876 11.0 17169
1743940085889 11.0 17179
1743940093186 11.0 17189
1743940100258 11.0 17199
1743940107135 11.0 17209
1743940114441 11.0 17219
1743940121263 11.0 17229
1743940127749 11.0 17239
1743940133848 11.0 17249
1743940140061 11.0 17259
1743940146226 11.0 17269
1743940152228 11.0 17279
1743940158994 11.0 17289
1743940165669 11.0 17299
1743940172492 11.0 17309
1743940179152 11.0 17319
1743940185591 11.0 17329
1743940192104 11.0 17339
1743940199213 11.0 17349
1743940206215 11.0 17359
1743940212171 11.0 17369
1743940219344 11.0 17379
1743940226888 11.0 17389
1743940234814 11.0 17399
1743940242219 11.0 17409
1743940249249 11.0 17419
1743940256232 11.0 17429
1743940263417 11.0 17439
1743940270581 11.0 17449
1743940277702 11.0 17459
1743940284712 11.0 17469
1743940291446 11.0 17479
1743940298956 11.0 17489
1743940305886 11.0 17499
1743940312257 11.0 17509
1743940318529 11.0 17519
1743940325070 11.0 17529
1743940331151 11.0 17539
1743940337049 11.0 17549
1743940342859 11.0 17559
1743940348825 11.0 17569
1743940355351 11.0 17579
1743940362565 11.0 17589
1743940368659 11.0 17599
1743940374469 11.0 17609
1743940380481 11.0 17619
1743940386306 11.0 17629
1743940392354 11.0 17639
1743940399154 11.0 17649
1743940406227 11.0 17659
1743940413125 11.0 17669
1743940419865 11.0 17679
1743940426428 11.0 17689
1743940432648 11.0 17699
1743940438906 11.0 17709
1743940445014 11.0 17719
1743940451685 11.0 17729
1743940458524 11.0 17739
1743940465870 11.0 17749
1743940473158 11.0 17759
1743940480668 11.0 17769
1743940487796 11.0 17779
1743940494759 11.0 17789
1743940501731 11.0 17799
1743940509478 11.0 17809
1743940516649 11.0 17819
1743940524561 11.0 17829
1743940531919 11.0 17839
1743940539543 11.0 17849
1743940546583 11.0 17859
1743940552771 11.0 17869
1743940559124 11.0 17879
1743940565396 11.0 17889
1743940571653 11.0 17899
1743940577333 11.0 17909
1743940583451 11.0 17919
1743940590200 11.0 17929
1743940597473 11.0 17939
1743940604458 11.0 17949
1743940610197 11.0 17959
1743940616102 11.0 17969
1743940622347 11.0 17979
1743940628458 11.0 17989
1743940634720 11.0 17999
1743940641466 11.0 18009
1743940648247 11.0 18019
1743940655017 11.0 18029
1743940661783 11.0 18039
1743940668218 11.0 18049
1743940674991 11.0 18059
1743940681132 11.0 18069
1743940687373 11.0 18079
1743940693770 11.0 18089
1743940700592 11.0 18099
1743940707898 11.0 18109
1743940714887 11.0 18119
1743940721992 11.0 18129
1743940728776 11.0 18139
1743940735665 11.0 18149
1743940742245 11.0 18159
1743940749254 11.0 18169
1743940756326 11.0 18179
1743940763565 11.0 18189
1743940771228 11.0 18199
1743940778776 11.0 18209
1743940786400 11.0 18219
1743940794240 11.0 18229
1743940801910 11.0 18239
1743940809186 11.0 18249
1743940816347 11.0 18259
1743940823068 11.0 18269
1743940830310 11.0 18279
1743940837201 11.0 18289
1743940843962 11.0 18299
1743940849686 11.0 18309
1743940855709 11.0 18319
1743940861654 11.0 18329
1743940865636 11.0 18335
1743940869887 11.0 18335
1743940873038 12.0 18339
1743940879504 12.0 18349
1743940886161 12.0 18359
1743940892889 12.0 18369
1743940899559 12.0 18379
1743940905799 12.0 18389
1743940911809 12.0 18399
1743940918220 12.0 18409
1743940925374 12.0 18419
1743940932839 12.0 18429
1743940939826 12.0 18439
1743940946676 12.0 18449
1743940953735 12.0 18459
1743940960574 12.0 18469
1743940967626 12.0 18479
1743940974615 12.0 18489
1743940981606 12.0 18499
1743940988532 12.0 18509
1743940995583 12.0 18519
1743941003124 12.0 18529
1743941010067 12.0 18539
1743941017350 12.0 18549
1743941024717 12.0 18559
1743941031490 12.0 18569
1743941037370 12.0 18579
1743941043644 12.0 18589
