1743928417293 0.0005011872336272723 0
1743929441905 0.0005011872336272723 1528
1743930473721 0.0005011872336272723 3056
1743931500472 0.0005011872336272723 4584
1743932542853 0.0005011872336272723 6112
1743933582543 0.0005011872336272723 7640
1743934628384 0.0005011872336272723 9168
1743935672513 0.0005011872336272723 10696
1743936707273 0.0005011872336272723 12224
1743937740022 0.0005011872336272723 13752
1743938781679 0.0005011872336272723 15280
1743939832906 0.0005011872336272723 16808
1743940869890 0.0005011872336272723 18336
