1743928424148 76.83734893798828 9
1743928430117 72.52606201171875 19
1743928436415 65.10570526123047 29
1743928442418 70.48828125 39
1743928448564 63.499454498291016 49
1743928455262 58.1884651184082 59
1743928462476 52.43461227416992 69
1743928469430 58.959320068359375 79
1743928476848 48.44496536254883 89
1743928483653 56.166439056396484 99
1743928490587 60.201812744140625 109
1743928497851 37.6823844909668 119
1743928504842 45.81526565551758 129
1743928511635 48.019866943359375 139
1743928519058 46.585296630859375 149
1743928526644 41.169368743896484 159
1743928533894 47.08870315551758 169
1743928541442 29.4818058013916 179
1743928548694 32.4041862487793 189
1743928555462 30.658899307250977 199
1743928561672 40.18476486206055 209
1743928567827 28.281396865844727 219
1743928573932 34.94667434692383 229
1743928580148 39.90099334716797 239
1743928586192 31.019630432128906 249
1743928592257 33.37568664550781 259
1743928598460 34.266387939453125 269
1743928604723 32.326595306396484 279
1743928610651 27.319259643554688 289
1743928616801 25.35849952697754 299
1743928622810 29.62188720703125 309
1743928629182 24.8000545501709 319
1743928635580 28.86141014099121 329
1743928642220 22.226585388183594 339
1743928648778 25.991119384765625 349
1743928655327 24.294981002807617 359
1743928661979 22.83701515197754 369
1743928669664 27.483871459960938 379
1743928677299 29.379438400268555 389
1743928684555 26.75971221923828 399
1743928691956 19.945093154907227 409
1743928699311 29.622299194335938 419
1743928706605 20.88277244567871 429
1743928714015 21.740402221679688 439
1743928721251 19.789587020874023 449
1743928728319 22.447927474975586 459
1743928735301 23.90791130065918 469
1743928742149 21.115468978881836 479
1743928749346 24.572586059570312 489
1743928756447 21.769060134887695 499
1743928763421 23.814620971679688 509
1743928770073 31.96042823791504 519
1743928777391 30.343416213989258 529
1743928784452 25.98728370666504 539
1743928790838 20.32274055480957 549
1743928797131 24.770111083984375 559
1743928803078 24.80938148498535 569
1743928809283 28.03290557861328 579
1743928815277 22.879737854003906 589
1743928821690 26.50965690612793 599
1743928827631 29.4764404296875 609
1743928834099 23.247116088867188 619
1743928841133 21.956193923950195 629
1743928847546 25.95159339904785 639
1743928853885 22.983963012695312 649
1743928860016 24.214553833007812 659
1743928866189 24.733434677124023 669
1743928872402 24.17926025390625 679
1743928878842 21.095130920410156 689
1743928885518 20.95103645324707 699
1743928892239 21.34840965270996 709
1743928898783 22.6857852935791 719
1743928905254 21.745466232299805 729
1743928912225 24.453832626342773 739
1743928918839 26.51288414001465 749
1743928925335 26.344404220581055 759
1743928931488 23.690919876098633 769
1743928938658 26.247556686401367 779
1743928945992 21.045480728149414 789
1743928953362 20.95113182067871 799
1743928960619 24.05109977722168 809
1743928967635 18.767494201660156 819
1743928974848 20.466840744018555 829
1743928981520 21.406906127929688 839
1743928988502 21.134992599487305 849
1743928995391 26.382173538208008 859
1743929002305 25.955413818359375 869
1743929009805 19.1024227142334 879
1743929017245 24.6621036529541 889
1743929024386 28.31982421875 899
1743929030668 23.16852378845215 909
1743929036985 21.264972686767578 919
1743929043065 22.409029006958008 929
1743929049667 21.02501678466797 939
1743929055843 19.825868606567383 949
1743929061926 22.594970703125 959
1743929068015 20.935522079467773 969
1743929074218 29.869140625 979
1743929080665 21.7818660736084 989
1743929086737 25.943429946899414 999
1743929093100 19.352384567260742 1009
1743929099635 20.67940330505371 1019
1743929106047 21.865501403808594 1029
1743929112507 24.098134994506836 1039
1743929119016 20.475801467895508 1049
1743929125628 20.74942970275879 1059
1743929132306 21.69969367980957 1069
1743929138852 24.4036922454834 1079
1743929145444 20.462942123413086 1089
1743929151559 21.708786010742188 1099
1743929158036 20.040254592895508 1109
1743929165109 23.31049156188965 1119
1743929172671 20.55189323425293 1129
1743929179997 22.62468719482422 1139
1743929187430 20.022443771362305 1149
1743929194888 22.16056251525879 1159
1743929202106 21.414396286010742 1169
1743929209017 17.649370193481445 1179
1743929216129 19.391698837280273 1189
1743929222819 21.734085083007812 1199
1743929229869 23.707555770874023 1209
1743929236812 22.75867462158203 1219
1743929243929 21.073190689086914 1229
1743929251182 23.996320724487305 1239
1743929258412 27.202392578125 1249
1743929265052 20.518735885620117 1259
1743929271233 20.7105655670166 1269
1743929277257 20.03453254699707 1279
1743929283596 24.20240020751953 1289
1743929289486 25.65118408203125 1299
1743929295544 24.064102172851562 1309
1743929301681 22.9272518157959 1319
1743929307795 19.056873321533203 1329
1743929313979 20.619125366210938 1339
1743929320154 22.524017333984375 1349
1743929326278 17.99017906188965 1359
1743929332361 17.572118759155273 1369
1743929338627 25.5904483795166 1379
1743929345018 20.932512283325195 1389
1743929351647 20.73128890991211 1399
1743929358298 20.015316009521484 1409
1743929364748 24.747207641601562 1419
1743929371010 19.50543975830078 1429
1743929377808 18.647281646728516 1439
1743929384321 23.700469970703125 1449
1743929391059 20.322940826416016 1459
1743929397542 20.33563995361328 1469
1743929404276 23.784820556640625 1479
1743929410960 20.043611526489258 1489
1743929417942 22.622909545898438 1499
1743929424897 20.24222755432129 1509
1743929432131 17.93065643310547 1519
1743929444016 20.013221740722656 1529
1743929450976 19.572141647338867 1539
1743929458243 19.776254653930664 1549
1743929465365 19.32184410095215 1559
1743929472347 22.179506301879883 1569
1743929479443 24.788503646850586 1579
1743929486890 21.06745147705078 1589
1743929494142 23.638282775878906 1599
1743929500741 24.705564498901367 1609
1743929507240 20.044357299804688 1619
1743929513469 22.949647903442383 1629
1743929519569 18.119932174682617 1639
1743929525951 19.039236068725586 1649
1743929531802 24.77973175048828 1659
1743929538593 19.35306739807129 1669
1743929545191 19.984785079956055 1679
1743929552400 20.067848205566406 1689
1743929559256 19.285383224487305 1699
1743929565775 17.670011520385742 1709
1743929571948 18.917823791503906 1719
1743929577957 32.12821960449219 1729
1743929583998 18.21021270751953 1739
1743929589922 15.855419158935547 1749
1743929596351 25.092910766601562 1759
1743929602725 20.223386764526367 1769
1743929609348 19.671419143676758 1779
1743929615894 20.550294876098633 1789
1743929622320 17.2869930267334 1799
1743929628660 21.25528907775879 1809
1743929634844 21.627641677856445 1819
1743929641249 21.19582176208496 1829
1743929647426 21.937673568725586 1839
1743929653932 20.75834846496582 1849
1743929661117 21.998743057250977 1859
1743929668409 22.09946632385254 1869
1743929675494 17.679128646850586 1879
1743929682544 23.387954711914062 1889
1743929689224 20.1597843170166 1899
1743929696065 17.950828552246094 1909
1743929702989 20.488000869750977 1919
1743929709852 20.855850219726562 1929
1743929716856 18.78162384033203 1939
1743929723688 28.734039306640625 1949
1743929731108 15.813590049743652 1959
1743929737997 18.294647216796875 1969
1743929745012 19.067190170288086 1979
1743929752263 19.288169860839844 1989
1743929758944 19.242380142211914 1999
1743929765172 20.564577102661133 2009
1743929771299 22.309675216674805 2019
1743929777988 19.441255569458008 2029
1743929785000 26.000625610351562 2039
1743929792091 20.3607120513916 2049
1743929799055 17.023683547973633 2059
1743929805492 20.668155670166016 2069
1743929811796 22.713821411132812 2079
1743929817823 18.443336486816406 2089
1743929824238 17.088281631469727 2099
1743929830292 18.22618865966797 2109
1743929836522 22.54671287536621 2119
1743929843360 19.381425857543945 2129
1743929850045 20.811922073364258 2139
1743929856744 21.04229736328125 2149
1743929863520 21.538759231567383 2159
1743929870232 18.941625595092773 2169
1743929876982 18.4925479888916 2179
1743929883014 16.706682205200195 2189
1743929889556 16.956987380981445 2199
1743929896294 21.17854118347168 2209
1743929903803 20.783788681030273 2219
1743929911661 23.339637756347656 2229
1743929919156 20.598764419555664 2239
1743929926128 17.148183822631836 2249
1743929933026 20.55160140991211 2259
1743929939793 19.017026901245117 2269
1743929946632 19.88966178894043 2279
1743929953537 18.399171829223633 2289
1743929960652 19.691680908203125 2299
1743929967440 20.166994094848633 2309
1743929974400 20.37946319580078 2319
1743929981452 20.037111282348633 2329
1743929988644 22.569732666015625 2339
1743929995562 18.29837989807129 2349
1743930002690 17.547527313232422 2359
1743930009641 27.84490966796875 2369
1743930016787 20.32962989807129 2379
1743930024034 18.623729705810547 2389
1743930031124 22.36065673828125 2399
1743930038143 16.29347038269043 2409
1743930044997 15.17632007598877 2419
1743930051198 18.76502799987793 2429
1743930057264 21.616973876953125 2439
1743930063324 16.850645065307617 2449
1743930069772 20.328645706176758 2459
1743930076242 18.44708251953125 2469
1743930082815 19.441160202026367 2479
1743930089365 24.741804122924805 2489
1743930095976 18.928939819335938 2499
1743930102660 19.879533767700195 2509
1743930109366 19.722307205200195 2519
1743930115568 27.385087966918945 2529
1743930121876 19.319732666015625 2539
1743930128167 26.92388153076172 2549
1743930134502 21.04235076904297 2559
1743930141724 15.52489948272705 2569
1743930148518 19.18775749206543 2579
1743930155971 18.88555908203125 2589
1743930163391 19.542272567749023 2599
1743930170997 17.82438850402832 2609
1743930178296 17.463008880615234 2619
1743930185292 20.492311477661133 2629
1743930192671 18.4145450592041 2639
1743930200044 19.379289627075195 2649
1743930206965 23.387313842773438 2659
1743930213631 20.432371139526367 2669
1743930221066 21.721588134765625 2679
1743930228373 21.775415420532227 2689
1743930235431 18.659883499145508 2699
1743930241642 20.103759765625 2709
1743930247686 22.30419158935547 2719
1743930253686 23.23670768737793 2729
1743930260093 20.60470962524414 2739
1743930266188 18.819578170776367 2749
1743930272005 22.775924682617188 2759
1743930278163 21.647748947143555 2769
1743930284456 17.779367446899414 2779
1743930290260 18.460853576660156 2789
1743930296418 20.50589942932129 2799
1743930302355 18.651010513305664 2809
1743930308326 24.014053344726562 2819
1743930314493 18.561140060424805 2829
1743930321505 19.99692153930664 2839
1743930327883 16.405902862548828 2849
1743930334582 18.78799057006836 2859
1743930341384 21.528432846069336 2869
1743930347931 17.610008239746094 2879
1743930354095 19.359880447387695 2889
1743930360069 16.322294235229492 2899
1743930366132 21.517908096313477 2909
1743930372352 19.639116287231445 2919
1743930380151 18.976987838745117 2929
1743930387337 19.71336555480957 2939
1743930394911 22.4658260345459 2949
1743930402279 16.711938858032227 2959
1743930409240 17.707304000854492 2969
1743930416472 20.267614364624023 2979
1743930423255 21.680450439453125 2989
1743930430482 20.11404800415039 2999
1743930437675 18.7520751953125 3009
1743930444838 17.406476974487305 3019
1743930452068 25.778366088867188 3029
1743930459407 19.447473526000977 3039
1743930465894 21.51609230041504 3049
1743930476933 16.635116577148438 3059
1743930483025 19.681367874145508 3069
1743930489265 17.445375442504883 3079
1743930494870 16.942811965942383 3089
1743930500977 17.842388153076172 3099
1743930506818 20.51832389831543 3109
1743930512709 18.195398330688477 3119
1743930519367 16.896236419677734 3129
1743930525840 14.80390453338623 3139
1743930531812 21.683855056762695 3149
1743930538066 21.637182235717773 3159
1743930544391 21.095670700073242 3169
1743930550574 15.416520118713379 3179
1743930557172 15.982967376708984 3189
1743930563701 18.974287033081055 3199
1743930570329 23.364824295043945 3209
1743930577334 19.349760055541992 3219
1743930584074 18.864381790161133 3229
1743930590529 19.105831146240234 3239
1743930596574 19.144182205200195 3249
1743930603620 18.40175437927246 3259
1743930609922 21.437463760375977 3269
1743930617179 17.494291305541992 3279
1743930624485 20.124969482421875 3289
1743930631953 18.470767974853516 3299
1743930639390 19.719697952270508 3309
1743930646486 20.69645881652832 3319
1743930653285 19.15967559814453 3329
1743930660318 18.790021896362305 3339
1743930667591 17.4534969329834 3349
1743930674689 17.105398178100586 3359
1743930681815 17.156888961791992 3369
1743930689211 20.322893142700195 3379
1743930696224 18.647296905517578 3389
1743930703293 21.026697158813477 3399
1743930709364 20.59293556213379 3409
1743930715753 20.004436492919922 3419
1743930721899 21.40363311767578 3429
1743930728189 17.351682662963867 3439
1743930734157 19.099660873413086 3449
1743930740456 20.87969398498535 3459
1743930746446 16.01512336730957 3469
1743930753251 21.86699676513672 3479
1743930760092 18.541433334350586 3489
1743930766552 18.097387313842773 3499
1743930772792 23.38566017150879 3509
1743930778745 16.38897705078125 3519
1743930784936 19.720911026000977 3529
1743930791069 19.016820907592773 3539
1743930797482 17.695920944213867 3549
1743930804192 21.79886817932129 3559
1743930810888 18.177461624145508 3569
1743930817403 18.765684127807617 3579
1743930824312 18.066320419311523 3589
1743930830857 24.523391723632812 3599
1743930837598 19.453542709350586 3609
1743930844312 19.267908096313477 3619
1743930850838 20.73756980895996 3629
1743930857615 17.57771110534668 3639
1743930865047 19.04136848449707 3649
1743930871944 22.736948013305664 3659
1743930879142 20.07151985168457 3669
1743930886523 23.941251754760742 3679
1743930893357 17.431001663208008 3689
1743930900188 18.065948486328125 3699
1743930907275 21.3497314453125 3709
1743930914084 16.288314819335938 3719
1743930921644 18.607906341552734 3729
1743930928491 16.517574310302734 3739
1743930935900 20.391284942626953 3749
1743930943349 19.29680061340332 3759
1743930950657 19.028654098510742 3769
1743930957897 18.50221824645996 3779
1743930965242 21.01349639892578 3789
1743930972538 19.541349411010742 3799
1743930979529 18.74228286743164 3809
1743930986571 19.215620040893555 3819
1743930993745 20.852537155151367 3829
1743931000657 20.582765579223633 3839
1743931007049 17.494577407836914 3849
1743931013413 23.9931697845459 3859
1743931019618 20.633241653442383 3869
1743931025822 18.413246154785156 3879
1743931031910 16.201467514038086 3889
1743931038677 19.9393367767334 3899
1743931045524 17.694177627563477 3909
1743931052203 18.923202514648438 3919
1743931059044 21.44403076171875 3929
1743931065507 21.648284912109375 3939
1743931071866 17.408098220825195 3949
1743931078270 20.411264419555664 3959
1743931084828 18.715015411376953 3969
1743931091307 23.342239379882812 3979
1743931098596 18.855873107910156 3989
1743931105773 16.546823501586914 3999
1743931113383 14.634858131408691 4009
1743931120786 20.966705322265625 4019
1743931127931 18.82794189453125 4029
1743931134817 23.614822387695312 4039
1743931141802 18.635835647583008 4049
1743931148761 20.501094818115234 4059
1743931155623 20.39644432067871 4069
1743931162719 22.556793212890625 4079
1743931169671 18.43773651123047 4089
1743931176737 19.160213470458984 4099
1743931183702 17.925535202026367 4109
1743931190085 18.56202507019043 4119
1743931196578 16.663373947143555 4129
1743931202829 19.896717071533203 4139
1743931209433 22.117347717285156 4149
1743931216522 23.862985610961914 4159
1743931223407 17.761167526245117 4169
1743931230472 20.576318740844727 4179
1743931237194 21.932802200317383 4189
1743931243986 19.6309757232666 4199
1743931249856 17.798803329467773 4209
1743931255971 19.681337356567383 4219
1743931261911 17.6629638671875 4229
1743931268202 17.782087326049805 4239
1743931274456 22.02602195739746 4249
1743931281177 17.912302017211914 4259
1743931287816 19.39238166809082 4269
1743931294362 17.748336791992188 4279
1743931301118 20.73685646057129 4289
1743931307482 18.772207260131836 4299
1743931313791 19.493711471557617 4309
1743931320208 16.801637649536133 4319
1743931326249 16.321569442749023 4329
1743931332781 18.93041229248047 4339
1743931340517 15.788749694824219 4349
1743931348035 18.118337631225586 4359
1743931355485 19.299806594848633 4369
1743931363085 18.704675674438477 4379
1743931369956 21.69889259338379 4389
1743931376937 17.784961700439453 4399
1743931383807 18.779993057250977 4409
1743931390899 18.439979553222656 4419
1743931397695 19.408235549926758 4429
1743931405058 16.285707473754883 4439
1743931412382 15.8436861038208 4449
1743931419280 16.86812400817871 4459
1743931426344 20.32212257385254 4469
1743931432446 21.153654098510742 4479
1743931438782 16.12855339050293 4489
1743931444968 18.85053825378418 4499
1743931451102 19.95132827758789 4509
1743931457135 19.356426239013672 4519
1743931463184 17.585857391357422 4529
1743931469116 23.805686950683594 4539
1743931474939 20.862287521362305 4549
1743931481261 19.582242965698242 4559
1743931487150 19.3332576751709 4569
1743931493268 18.643083572387695 4579
1743931504967 19.54729652404785 4589
1743931510968 25.124284744262695 4599
1743931517363 18.794662475585938 4609
1743931524011 21.821945190429688 4619
1743931530496 19.046903610229492 4629
1743931537232 16.544469833374023 4639
1743931543797 19.939210891723633 4649
1743931550162 21.536081314086914 4659
1743931556389 22.830062866210938 4669
1743931562933 16.76127815246582 4679
1743931569479 17.797746658325195 4689
1743931576287 17.362892150878906 4699
1743931583117 20.534072875976562 4709
1743931590105 19.356958389282227 4719
1743931596689 20.480083465576172 4729
1743931603317 20.7832088470459 4739
1743931610226 19.947128295898438 4749
1743931617984 18.881420135498047 4759
1743931625442 24.214492797851562 4769
1743931633470 22.27646827697754 4779
1743931640727 20.8940372467041 4789
1743931648299 18.96563148498535 4799
1743931655417 16.770925521850586 4809
1743931662963 17.4544677734375 4819
1743931670834 19.994836807250977 4829
1743931678415 17.465911865234375 4839
1743931685784 18.555265426635742 4849
1743931693234 15.17578125 4859
1743931700580 18.677345275878906 4869
1743931707900 19.121002197265625 4879
1743931714879 23.453725814819336 4889
1743931722052 19.960859298706055 4899
1743931728199 19.94586944580078 4909
1743931734137 20.041845321655273 4919
1743931739992 24.70456886291504 4929
1743931746027 20.660676956176758 4939
1743931752183 18.641254425048828 4949
1743931758808 15.127814292907715 4959
1743931765434 19.534149169921875 4969
1743931772064 19.427873611450195 4979
1743931778726 20.885351181030273 4989
1743931785217 17.500743865966797 4999
1743931791347 19.425363540649414 5009
1743931797685 18.12614631652832 5019
1743931804161 17.73609733581543 5029
1743931810413 20.089895248413086 5039
1743931817374 17.855369567871094 5049
1743931824593 19.590177536010742 5059
1743931831902 19.767385482788086 5069
1743931839656 16.753387451171875 5079
1743931847047 23.219961166381836 5089
1743931853703 19.757280349731445 5099
1743931860442 20.913602828979492 5109
1743931867605 17.129226684570312 5119
1743931874596 15.758174896240234 5129
1743931881692 18.347543716430664 5139
1743931888891 18.568113327026367 5149
1743931895869 18.2147274017334 5159
1743931903404 15.917763710021973 5169
1743931910929 23.057632446289062 5179
1743931918245 20.14409828186035 5189
1743931925501 18.96184730529785 5199
1743931932790 19.39223289489746 5209
1743931939842 21.152132034301758 5219
1743931947085 18.242563247680664 5229
1743931953709 16.34288215637207 5239
1743931960739 18.399478912353516 5249
1743931967054 20.469335556030273 5259
1743931973213 16.44967269897461 5269
1743931979238 18.145841598510742 5279
1743931985565 18.581636428833008 5289
1743931991692 19.108457565307617 5299
1743931998223 17.151697158813477 5309
1743932004809 18.488800048828125 5319
1743932011467 16.593530654907227 5329
1743932018159 18.3701171875 5339
1743932024780 20.86556053161621 5349
1743932031439 18.772844314575195 5359
1743932037730 17.944839477539062 5369
1743932043750 20.516813278198242 5379
1743932049754 18.34449577331543 5389
1743932056548 17.86076545715332 5399
1743932063364 20.02739906311035 5409
1743932071015 17.154052734375 5419
1743932078012 17.172853469848633 5429
1743932085154 16.10161018371582 5439
1743932091985 22.54743766784668 5449
1743932098791 19.754722595214844 5459
1743932105585 17.765310287475586 5469
1743932112447 20.1857852935791 5479
1743932119817 16.31016731262207 5489
1743932127028 16.71968650817871 5499
1743932134244 18.8659725189209 5509
1743932141796 17.853246688842773 5519
1743932148178 16.68050193786621 5529
1743932154659 28.15825843811035 5539
1743932160938 17.03082847595215 5549
1743932167451 18.3322811126709 5559
1743932173852 18.289281845092773 5569
1743932179955 20.413660049438477 5579
1743932185854 17.4466609954834 5589
1743932191841 17.44702911376953 5599
1743932198399 19.92169952392578 5609
1743932204867 20.230623245239258 5619
1743932210816 20.072364807128906 5629
1743932216953 18.063142776489258 5639
1743932222631 21.277002334594727 5649
1743932228573 17.333145141601562 5659
1743932234934 18.550737380981445 5669
1743932241761 18.67475128173828 5679
1743932248672 15.347583770751953 5689
1743932255574 23.2843017578125 5699
1743932262209 18.365711212158203 5709
1743932268488 17.570409774780273 5719
1743932274630 19.649717330932617 5729
1743932281019 16.93912696838379 5739
1743932287223 21.46136474609375 5749
1743932293750 22.158905029296875 5759
1743932301628 15.254730224609375 5769
1743932308990 18.834341049194336 5779
1743932316794 17.632476806640625 5789
1743932324012 16.64035987854004 5799
1743932330799 18.53587532043457 5809
1743932337899 17.604291915893555 5819
1743932344829 17.085599899291992 5829
1743932351836 21.6402587890625 5839
1743932358866 16.824867248535156 5849
1743932366091 17.460092544555664 5859
1743932373084 23.599576950073242 5869
1743932380543 21.533475875854492 5879
1743932387773 18.309566497802734 5889
1743932395333 18.689245223999023 5899
1743932402573 20.866125106811523 5909
1743932410375 20.28531265258789 5919
1743932417471 18.235830307006836 5929
1743932424500 16.32834815979004 5939
1743932432026 18.140344619750977 5949
1743932439025 17.6485538482666 5959
1743932445822 20.161958694458008 5969
1743932452240 18.70961570739746 5979
1743932458385 17.209436416625977 5989
1743932464739 17.644681930541992 5999
1743932471023 20.006690979003906 6009
1743932477453 18.909896850585938 6019
1743932483877 17.52989387512207 6029
1743932490441 18.152555465698242 6039
1743932496915 18.92601776123047 6049
1743932503444 21.22930335998535 6059
1743932509970 17.34239959716797 6069
1743932516410 21.8110294342041 6079
1743932523092 17.018892288208008 6089
1743932529973 19.126907348632812 6099
1743932536772 21.566946029663086 6109
1743932549080 16.093170166015625 6119
1743932555901 16.774703979492188 6129
1743932563068 18.16681480407715 6139
1743932570008 22.519851684570312 6149
1743932576965 18.43074607849121 6159
1743932584489 18.49870491027832 6169
1743932591348 20.255765914916992 6179
1743932598438 19.685361862182617 6189
1743932605445 14.76591968536377 6199
1743932612535 20.2780704498291 6209
1743932619223 19.354921340942383 6219
1743932626641 17.866743087768555 6229
1743932633215 19.21501350402832 6239
1743932639960 19.88944435119629 6249
1743932646549 17.649473190307617 6259
1743932653510 16.04210662841797 6269
1743932659573 17.263696670532227 6279
1743932665898 20.01345443725586 6289
1743932672861 20.87128257751465 6299
1743932679759 15.525460243225098 6309
1743932686089 18.305238723754883 6319
1743932692262 21.00968360900879 6329
1743932698247 19.551584243774414 6339
1743932704548 16.958322525024414 6349
1743932710745 18.546079635620117 6359
1743932717346 22.4305477142334 6369
1743932723935 18.85992431640625 6379
1743932730436 16.425912857055664 6389
1743932736987 22.892440795898438 6399
1743932743905 16.11187171936035 6409
1743932750631 21.205984115600586 6419
1743932756889 15.797703742980957 6429
1743932763213 18.11248207092285 6439
1743932769386 16.960126876831055 6449
1743932776459 16.47160530090332 6459
1743932783531 20.008909225463867 6469
1743932790958 19.91937828063965 6479
1743932797800 15.127418518066406 6489
1743932804605 18.643953323364258 6499
1743932811408 23.544668197631836 6509
1743932818180 17.00806427001953 6519
1743932824931 18.140165328979492 6529
1743932831989 20.010997772216797 6539
1743932839014 15.219147682189941 6549
1743932847295 17.905866622924805 6559
1743932854382 16.024415969848633 6569
1743932861449 19.386619567871094 6579
1743932867902 19.759382247924805 6589
1743932874070 18.783647537231445 6599
1743932880705 19.4864501953125 6609
1743932887092 16.9202823638916 6619
1743932893569 24.130151748657227 6629
1743932899407 17.440244674682617 6639
1743932905616 18.317323684692383 6649
1743932911736 17.8479061126709 6659
1743932917793 14.914231300354004 6669
1743932923767 22.859100341796875 6679
1743932929864 17.194011688232422 6689
1743932936119 19.55738639831543 6699
1743932942990 20.888158798217773 6709
1743932949247 14.166003227233887 6719
1743932955488 19.835786819458008 6729
1743932962287 21.61070442199707 6739
1743932968768 14.151252746582031 6749
1743932975420 18.39204978942871 6759
1743932982050 21.69586753845215 6769
1743932988593 19.879169464111328 6779
1743932994876 19.57729148864746 6789
1743933001085 16.278467178344727 6799
1743933007379 18.56678009033203 6809
1743933013983 17.699678421020508 6819
1743933021743 20.69828224182129 6829
1743933028846 18.533021926879883 6839
1743933036452 20.138111114501953 6849
1743933043735 18.598974227905273 6859
1743933050638 20.35869026184082 6869
1743933058037 18.6199893951416 6879
1743933065511 19.34502410888672 6889
1743933072499 16.492258071899414 6899
1743933079419 21.5272216796875 6909
1743933086912 16.337282180786133 6919
1743933094199 18.939481735229492 6929
1743933101316 16.504114151000977 6939
1743933109175 17.913238525390625 6949
1743933116710 20.19038200378418 6959
1743933124284 15.493453025817871 6969
1743933131412 15.885971069335938 6979
1743933138464 16.79920196533203 6989
1743933145478 15.798213005065918 6999
1743933152340 17.996435165405273 7009
1743933158977 16.471525192260742 7019
1743933165346 18.57842445373535 7029
1743933171511 15.945223808288574 7039
1743933177747 15.725781440734863 7049
1743933184073 22.2593994140625 7059
1743933190009 21.21459197998047 7069
1743933196287 18.54404067993164 7079
1743933202970 24.717317581176758 7089
1743933209623 19.34503746032715 7099
1743933216303 16.57164764404297 7109
1743933222860 16.698392868041992 7119
1743933229735 21.952392578125 7129
1743933236410 16.64801597595215 7139
1743933243047 16.665159225463867 7149
1743933249667 17.40293312072754 7159
1743933256382 17.484678268432617 7169
1743933263779 20.123689651489258 7179
1743933271333 19.404258728027344 7189
1743933278630 15.214622497558594 7199
1743933285709 17.079721450805664 7209
1743933292653 18.68875503540039 7219
1743933299903 19.564952850341797 7229
1743933307027 19.25275993347168 7239
1743933313931 17.510530471801758 7249
1743933321105 17.652015686035156 7259
1743933328851 16.5414981842041 7269
1743933336623 16.87455940246582 7279
1743933343640 18.422039031982422 7289
1743933350383 19.125511169433594 7299
1743933356794 16.94512367248535 7309
1743933363506 19.43666648864746 7319
1743933370140 18.084930419921875 7329
1743933376495 16.62531852722168 7339
1743933382635 19.752643585205078 7349
1743933388678 15.456685066223145 7359
1743933394915 17.23155403137207 7369
1743933401229 18.377302169799805 7379
1743933407345 15.294029235839844 7389
1743933413411 13.979161262512207 7399
1743933419581 18.248594284057617 7409
1743933425780 16.935651779174805 7419
1743933431799 22.437795639038086 7429
1743933438399 15.616206169128418 7439
1743933445093 17.934476852416992 7449
1743933451743 15.317585945129395 7459
1743933458494 18.6328067779541 7469
1743933464923 19.135540008544922 7479
1743933471343 20.799604415893555 7489
1743933477814 16.74262237548828 7499
1743933484336 17.20855712890625 7509
1743933490708 21.42045783996582 7519
1743933497418 19.59774398803711 7529
1743933505249 24.47715950012207 7539
1743933512309 18.002161026000977 7549
1743933519922 15.031517028808594 7559
1743933527038 17.365943908691406 7569
1743933534765 23.834806442260742 7579
1743933542153 20.08501434326172 7589
1743933549441 18.201505661010742 7599
1743933556443 14.748504638671875 7609
1743933563726 18.398454666137695 7619
1743933571029 18.221031188964844 7629
1743933578005 16.366865158081055 7639
1743933589772 23.369192123413086 7649
1743933596033 25.053558349609375 7659
1743933602090 17.437517166137695 7669
1743933608390 16.242572784423828 7679
1743933614720 18.134916305541992 7689
1743933621648 16.89858627319336 7699
1743933628562 19.654470443725586 7709
1743933635389 17.438365936279297 7719
1743933642402 17.253328323364258 7729
1743933648623 18.076963424682617 7739
1743933654740 14.84519100189209 7749
1743933660813 25.067626953125 7759
1743933667402 18.393417358398438 7769
1743933673748 19.51557731628418 7779
1743933680463 15.747294425964355 7789
1743933686977 20.919082641601562 7799
1743933693535 16.636240005493164 7809
1743933700246 19.180192947387695 7819
1743933706940 16.3470516204834 7829
1743933713241 17.302888870239258 7839
1743933719549 17.145923614501953 7849
1743933726197 20.054092407226562 7859
1743933732226 18.636337280273438 7869
1743933739300 15.823260307312012 7879
1743933746306 19.815996170043945 7889
1743933753473 16.435537338256836 7899
1743933760602 16.308813095092773 7909
1743933767813 15.761309623718262 7919
1743933775236 15.838558197021484 7929
1743933782340 18.81669807434082 7939
1743933789315 17.093412399291992 7949
1743933796635 22.28984832763672 7959
1743933804138 21.82914924621582 7969
1743933811074 19.239023208618164 7979
1743933818653 19.18229103088379 7989
1743933826012 17.926198959350586 7999
1743933833026 16.55539894104004 8009
1743933840537 14.191800117492676 8019
1743933847928 16.97166633605957 8029
1743933855160 21.74431610107422 8039
1743933862544 18.844423294067383 8049
1743933869733 24.76166343688965 8059
1743933876710 22.64849853515625 8069
1743933883681 18.42085838317871 8079
1743933889789 20.381704330444336 8089
1743933896089 21.642751693725586 8099
1743933901744 17.920408248901367 8109
1743933908031 16.005983352661133 8119
1743933914343 15.6867094039917 8129
1743933920954 15.305357933044434 8139
1743933927732 19.38907814025879 8149
1743933934510 17.510269165039062 8159
1743933941126 17.70166015625 8169
1743933947640 16.8758544921875 8179
1743933953596 19.248964309692383 8189
1743933960097 21.428512573242188 8199
1743933966328 15.473872184753418 8209
1743933972527 15.630465507507324 8219
1743933980270 17.77839469909668 8229
1743933987709 14.889785766601562 8239
1743933995179 17.62159538269043 8249
1743934002758 22.8616943359375 8259
1743934009713 17.35979461669922 8269
1743934016601 17.695947647094727 8279
1743934023401 14.94579792022705 8289
1743934030216 15.858153343200684 8299
1743934037485 24.321182250976562 8309
1743934044436 17.165233612060547 8319
1743934051471 17.385438919067383 8329
1743934058450 16.580503463745117 8339
1743934065843 18.455717086791992 8349
1743934072832 20.15169906616211 8359
1743934080317 15.101948738098145 8369
1743934087568 16.33926773071289 8379
1743934094399 19.598173141479492 8389
1743934101528 15.80701732635498 8399
1743934108931 16.987184524536133 8409
1743934116171 17.86119842529297 8419
1743934123230 17.9058780670166 8429
1743934129617 17.338279724121094 8439
1743934135591 19.027070999145508 8449
1743934141551 18.1292667388916 8459
1743934147743 16.861024856567383 8469
1743934154035 19.99725914001465 8479
1743934160694 21.216615676879883 8489
1743934167155 16.616065979003906 8499
1743934173750 18.112424850463867 8509
1743934180387 22.207307815551758 8519
1743934186545 15.765934944152832 8529
1743934193014 18.329065322875977 8539
1743934200565 18.46038055419922 8549
1743934207673 18.992788314819336 8559
1743934214034 15.740363121032715 8569
1743934221437 18.846384048461914 8579
1743934228810 19.35245704650879 8589
1743934236257 17.587034225463867 8599
1743934243604 16.168798446655273 8609
1743934250889 20.084856033325195 8619
1743934257713 20.943471908569336 8629
1743934264855 14.967175483703613 8639
1743934272010 19.62455177307129 8649
1743934279092 16.961788177490234 8659
1743934286075 18.921525955200195 8669
1743934293244 15.28419017791748 8679
1743934300552 20.203264236450195 8689
1743934307646 19.739700317382812 8699
1743934314832 17.978418350219727 8709
1743934322539 20.3106689453125 8719
1743934329468 19.52293586730957 8729
1743934336627 17.239042282104492 8739
1743934343775 16.602006912231445 8749
1743934350762 19.598194122314453 8759
1743934357923 15.970004081726074 8769
1743934364635 18.557273864746094 8779
1743934370558 21.437477111816406 8789
1743934376496 18.79691505432129 8799
1743934382830 18.939329147338867 8809
1743934388667 20.283422470092773 8819
1743934394724 15.624791145324707 8829
1743934401215 18.210237503051758 8839
1743934407951 17.584625244140625 8849
1743934414503 17.58970832824707 8859
1743934421188 16.676477432250977 8869
1743934427526 18.11467933654785 8879
1743934433632 18.46963882446289 8889
1743934440002 17.807729721069336 8899
1743934446401 20.30354881286621 8909
1743934452541 16.938676834106445 8919
1743934460285 18.17323875427246 8929
1743934468127 17.418270111083984 8939
1743934475855 18.075651168823242 8949
1743934483221 18.524436950683594 8959
1743934489983 17.631195068359375 8969
1743934497046 22.411972045898438 8979
1743934503835 15.345291137695312 8989
1743934510727 15.168475151062012 8999
1743934518014 19.219070434570312 9009
1743934525151 19.837934494018555 9019
1743934532215 16.666379928588867 9029
1743934539381 17.831748962402344 9039
1743934546066 19.042470932006836 9049
1743934552796 16.177024841308594 9059
1743934559447 17.988487243652344 9069
1743934566045 17.80159568786621 9079
1743934572455 22.510467529296875 9089
1743934579491 19.023927688598633 9099
1743934586709 21.19014549255371 9109
1743934593583 17.178083419799805 9119
1743934600836 17.63871192932129 9129
1743934606970 18.816261291503906 9139
1743934613077 17.895652770996094 9149
1743934619376 20.20301055908203 9159
1743934630587 19.86228370666504 9169
1743934636977 18.478757858276367 9179
1743934643517 16.071826934814453 9189
1743934650205 16.408296585083008 9199
1743934656895 19.36348533630371 9209
1743934663604 17.308401107788086 9219
1743934669899 18.878507614135742 9229
1743934676719 17.69586944580078 9239
1743934682988 17.579965591430664 9249
1743934689347 18.318464279174805 9259
1743934695726 17.81861114501953 9269
1743934702448 14.667593955993652 9279
1743934709023 14.189885139465332 9289
1743934715609 22.95172691345215 9299
1743934722335 15.831363677978516 9309
1743934729238 20.11525535583496 9319
1743934736657 18.659391403198242 9329
1743934743572 20.74464988708496 9339
1743934750463 17.734994888305664 9349
1743934757449 16.795204162597656 9359
1743934764587 21.539474487304688 9369
1743934771527 17.63563346862793 9379
1743934778542 17.306554794311523 9389
1743934785261 17.287160873413086 9399
1743934791302 17.3136043548584 9409
1743934797450 21.559364318847656 9419
1743934803617 15.237373352050781 9429
1743934809640 17.86192512512207 9439
1743934815576 15.969401359558105 9449
1743934822689 18.62628746032715 9459
1743934829897 18.807435989379883 9469
1743934836811 18.018465042114258 9479
1743934843837 20.819290161132812 9489
1743934849945 18.962282180786133 9499
1743934856383 17.44952964782715 9509
1743934862528 19.01222801208496 9519
1743934868705 14.886143684387207 9529
1743934874986 15.169957160949707 9539
1743934881968 13.693458557128906 9549
1743934888783 18.42862892150879 9559
1743934895402 16.773971557617188 9569
1743934902175 19.033769607543945 9579
1743934908400 18.27219581604004 9589
1743934914776 16.128480911254883 9599
1743934921079 18.571168899536133 9609
1743934927214 17.0301456451416 9619
1743934933351 14.52259349822998 9629
1743934940569 20.678245544433594 9639
1743934947905 18.18347930908203 9649
1743934955035 17.732770919799805 9659
1743934962097 16.979736328125 9669
1743934969191 17.156436920166016 9679
1743934976435 17.73647117614746 9689
1743934983808 22.254623413085938 9699
1743934991156 17.397781372070312 9709
1743934998277 19.25489616394043 9719
1743935005872 16.74277687072754 9729
1743935012990 14.834166526794434 9739
1743935020329 16.41826820373535 9749
1743935027765 15.046391487121582 9759
1743935035177 18.365598678588867 9769
1743935041675 18.6231689453125 9779
1743935047928 16.674423217773438 9789
1743935054023 16.367347717285156 9799
1743935059960 18.689260482788086 9809
1743935065739 18.643714904785156 9819
1743935071723 16.543731689453125 9829
1743935077592 19.705976486206055 9839
1743935083662 19.500905990600586 9849
1743935089344 18.048315048217773 9859
1743935095378 17.949352264404297 9869
1743935101352 21.052242279052734 9879
1743935107675 19.674423217773438 9889
1743935113655 19.718305587768555 9899
1743935120417 18.316497802734375 9909
1743935127012 16.800674438476562 9919
1743935133696 19.37380599975586 9929
1743935140642 16.395721435546875 9939
1743935147182 13.497538566589355 9949
1743935153501 17.71101951599121 9959
1743935159447 18.81148338317871 9969
1743935165868 19.498178482055664 9979
1743935172514 16.65830421447754 9989
1743935179683 15.853428840637207 9999
1743935186809 12.785569190979004 10009
1743935194124 18.97063446044922 10019
1743935201400 14.183547019958496 10029
1743935208485 17.525503158569336 10039
1743935215560 15.96196460723877 10049
1743935222633 16.113435745239258 10059
1743935229606 19.364849090576172 10069
1743935236794 18.696325302124023 10079
1743935244101 14.9348726272583 10089
1743935251243 18.80186653137207 10099
1743935258478 19.075477600097656 10109
1743935265982 16.590646743774414 10119
1743935273122 19.239578247070312 10129
1743935280591 16.523073196411133 10139
1743935287996 17.42481231689453 10149
1743935295343 17.316709518432617 10159
1743935302782 16.157516479492188 10169
1743935309518 19.24998664855957 10179
1743935316703 15.930863380432129 10189
1743935323782 20.653270721435547 10199
1743935329910 18.598670959472656 10209
1743935336000 16.959274291992188 10219
1743935342400 15.464190483093262 10229
1743935348343 15.5496826171875 10239
1743935354696 16.123647689819336 10249
1743935361301 17.01408576965332 10259
1743935368121 18.349809646606445 10269
1743935374652 15.120152473449707 10279
1743935381872 17.54295539855957 10289
1743935390128 17.852815628051758 10299
1743935397076 16.85719871520996 10309
1743935403776 13.725056648254395 10319
1743935410683 16.91376304626465 10329
1743935417860 16.716753005981445 10339
1743935425325 17.437307357788086 10349
1743935432670 17.67720603942871 10359
1743935440647 19.87898826599121 10369
1743935448474 17.772613525390625 10379
1743935456763 16.5355281829834 10389
1743935464533 16.40264320373535 10399
1743935471388 15.483306884765625 10409
1743935478289 16.693077087402344 10419
1743935485284 17.24028205871582 10429
1743935492667 17.390642166137695 10439
1743935499958 16.287641525268555 10449
1743935507287 15.213676452636719 10459
1743935514535 17.174558639526367 10469
1743935522447 17.378984451293945 10479
1743935529237 17.446531295776367 10489
1743935536376 18.0947265625 10499
1743935543429 15.508936882019043 10509
1743935550460 15.564852714538574 10519
1743935557417 25.363679885864258 10529
1743935564543 16.426069259643555 10539
1743935571261 20.260337829589844 10549
1743935577437 17.75062370300293 10559
1743935583450 18.1862850189209 10569
1743935589676 18.107093811035156 10579
1743935595800 26.55438995361328 10589
1743935602595 15.878929138183594 10599
1743935609494 17.23647117614746 10609
1743935616361 18.791250228881836 10619
1743935623032 15.929545402526855 10629
1743935629314 16.832868576049805 10639
1743935636316 15.904610633850098 10649
1743935642816 18.046417236328125 10659
1743935649245 15.727532386779785 10669
1743935655807 16.37587547302246 10679
1743935663224 15.950243949890137 10689
1743935676058 16.298086166381836 10699
1743935683089 18.951139450073242 10709
1743935689851 16.86636734008789 10719
1743935696743 14.489204406738281 10729
1743935703409 16.209379196166992 10739
1743935710108 22.43760108947754 10749
1743935717252 15.163479804992676 10759
1743935723543 15.697510719299316 10769
1743935730169 16.30841636657715 10779
1743935736897 18.36137580871582 10789
1743935743870 16.97165298461914 10799
1743935749887 18.267419815063477 10809
1743935756095 14.816039085388184 10819
1743935762215 17.003503799438477 10829
1743935768183 15.879490852355957 10839
1743935774817 18.63787269592285 10849
1743935781799 18.484519958496094 10859
1743935788756 20.666419982910156 10869
1743935796001 15.816021919250488 10879
1743935803125 16.975255966186523 10889
1743935809012 17.222124099731445 10899
1743935815212 16.833948135375977 10909
1743935821209 16.969144821166992 10919
1743935827449 16.686128616333008 10929
1743935833440 19.370243072509766 10939
1743935839981 17.163301467895508 10949
1743935846914 17.00575828552246 10959
1743935853548 16.88054847717285 10969
1743935860207 16.16816520690918 10979
1743935866553 21.35112953186035 10989
1743935872631 18.0321044921875 10999
1743935878658 15.830767631530762 11009
1743935885351 21.72342872619629 11019
1743935892000 25.12505531311035 11029
1743935899051 15.524520874023438 11039
1743935906103 17.663576126098633 11049
1743935912978 20.41724967956543 11059
1743935920241 16.984039306640625 11069
1743935927276 18.5731143951416 11079
1743935934511 17.02654457092285 11089
1743935941254 15.910614013671875 11099
1743935948158 15.421158790588379 11109
1743935955114 18.01840591430664 11119
1743935962249 17.791053771972656 11129
1743935969387 16.1294002532959 11139
1743935976403 18.952220916748047 11149
1743935983812 16.90788459777832 11159
1743935991040 15.148455619812012 11169
1743935998077 16.620595932006836 11179
1743936004692 20.805917739868164 11189
1743936011270 16.383249282836914 11199
1743936018339 16.55437469482422 11209
1743936025446 19.207542419433594 11219
1743936032339 15.748970031738281 11229
1743936039318 17.36576271057129 11239
1743936045927 16.878419876098633 11249
1743936051766 16.588748931884766 11259
1743936057870 19.94437599182129 11269
1743936064013 16.345386505126953 11279
1743936070200 15.028117179870605 11289
1743936076854 19.09864044189453 11299
1743936083369 16.557209014892578 11309
1743936089813 15.961097717285156 11319
1743936096559 16.678516387939453 11329
1743936103136 18.924882888793945 11339
1743936110115 18.28021240234375 11349
1743936116757 16.77941131591797 11359
1743936123595 18.32612419128418 11369
1743936130387 16.504981994628906 11379
1743936138039 18.192283630371094 11389
1743936145667 20.837509155273438 11399
1743936153208 16.702341079711914 11409
1743936160182 18.896230697631836 11419
1743936167046 14.931180000305176 11429
1743936173939 20.991058349609375 11439
1743936181098 16.21548080444336 11449
1743936187920 16.25831413269043 11459
1743936195271 18.576663970947266 11469
1743936202197 18.400405883789062 11479
1743936209493 16.882095336914062 11489
1743936216648 17.041330337524414 11499
1743936223683 17.147432327270508 11509
1743936229795 19.333717346191406 11519
1743936236127 19.604076385498047 11529
1743936242205 15.79128360748291 11539
1743936248358 16.103530883789062 11549
1743936254372 18.502126693725586 11559
1743936260380 15.470836639404297 11569
1743936267500 18.012834548950195 11579
1743936274483 15.993335723876953 11589
1743936281582 15.688861846923828 11599
1743936287604 16.197996139526367 11609
1743936293731 16.8581600189209 11619
1743936299673 17.142908096313477 11629
1743936305909 16.351449966430664 11639
1743936312104 16.890045166015625 11649
1743936318753 16.952608108520508 11659
1743936325370 16.025863647460938 11669
1743936332293 17.02137565612793 11679
1743936338945 15.27185344696045 11689
1743936345381 19.365493774414062 11699
1743936351600 20.00870704650879 11709
1743936357619 15.406819343566895 11719
1743936363641 16.732097625732422 11729
1743936370109 18.511106491088867 11739
1743936377177 14.413475036621094 11749
1743936384382 18.85099220275879 11759
1743936391245 21.5588436126709 11769
1743936398384 16.977611541748047 11779
1743936405248 14.883313179016113 11789
1743936412035 14.314239501953125 11799
1743936418925 20.588193893432617 11809
1743936425493 16.902894973754883 11819
1743936432432 17.636398315429688 11829
1743936439512 18.485570907592773 11839
1743936446404 16.37765121459961 11849
1743936453450 16.497224807739258 11859
1743936460569 16.41404151916504 11869
1743936467909 18.245222091674805 11879
1743936475073 18.718305587768555 11889
1743936481298 17.624174118041992 11899
1743936488378 17.287002563476562 11909
1743936495927 20.809900283813477 11919
1743936503570 18.73079490661621 11929
1743936510402 19.810787200927734 11939
1743936516753 23.718231201171875 11949
1743936522800 17.6940975189209 11959
1743936529217 20.103357315063477 11969
1743936535370 17.558961868286133 11979
1743936541456 16.247177124023438 11989
1743936547637 17.211994171142578 11999
1743936553629 17.62282943725586 12009
1743936560481 17.23021697998047 12019
1743936568099 16.486948013305664 12029
1743936574791 17.088998794555664 12039
1743936581884 15.897972106933594 12049
1743936588339 19.130495071411133 12059
1743936594539 16.293407440185547 12069
1743936600869 17.4001522064209 12079
1743936607376 18.635927200317383 12089
1743936613285 17.57905387878418 12099
1743936620551 16.675317764282227 12109
1743936627714 15.613383293151855 12119
1743936634297 17.366548538208008 12129
1743936641345 20.13799476623535 12139
1743936648073 16.12844467163086 12149
1743936655291 18.76410675048828 12159
1743936662585 13.54162311553955 12169
1743936670739 21.98216438293457 12179
1743936678111 16.05973243713379 12189
1743936685106 16.14044952392578 12199
1743936691975 18.41361427307129 12209
1743936699885 19.447383880615234 12219
1743936711882 16.32292366027832 12229
1743936717886 14.795761108398438 12239
1743936723904 21.61585807800293 12249
1743936730241 17.515544891357422 12259
1743936736264 17.694873809814453 12269
1743936742400 18.407882690429688 12279
1743936748495 20.005361557006836 12289
1743936754929 16.98952865600586 12299
1743936761613 17.79247283935547 12309
1743936767782 17.417098999023438 12319
1743936773839 16.342233657836914 12329
1743936780083 18.043886184692383 12339
1743936786305 17.054479598999023 12349
1743936792255 14.412277221679688 12359
1743936798955 15.057589530944824 12369
1743936805768 20.727153778076172 12379
1743936812257 18.058073043823242 12389
1743936818834 19.778335571289062 12399
1743936825266 15.396075248718262 12409
1743936832160 19.74382209777832 12419
1743936839525 15.384773254394531 12429
1743936846894 16.827817916870117 12439
1743936853389 15.32223129272461 12449
1743936861040 15.570477485656738 12459
1743936868198 15.970634460449219 12469
1743936875938 14.16632080078125 12479
1743936883661 13.37283706665039 12489
1743936890624 13.644429206848145 12499
1743936897472 18.66345977783203 12509
1743936904134 18.86835289001465 12519
1743936910822 16.386859893798828 12529
1743936917623 14.55247974395752 12539
1743936924481 20.15863037109375 12549
1743936931220 16.228849411010742 12559
1743936938491 23.106420516967773 12569
1743936945578 16.34598731994629 12579
1743936952354 18.968965530395508 12589
1743936958635 16.824851989746094 12599
1743936965074 15.765807151794434 12609
1743936971660 16.433929443359375 12619
1743936978401 17.369800567626953 12629
1743936984431 17.700119018554688 12639
1743936990539 18.450529098510742 12649
1743936997469 15.018463134765625 12659
1743937004253 18.661649703979492 12669
1743937010527 18.182252883911133 12679
1743937016679 14.207402229309082 12689
1743937023074 15.321072578430176 12699
1743937029428 15.49674129486084 12709
1743937035890 18.096261978149414 12719
1743937042383 17.859067916870117 12729
1743937049247 15.458600044250488 12739
1743937056620 14.615986824035645 12749
1743937063525 15.765698432922363 12759
1743937070366 15.21196460723877 12769
1743937076857 18.75816535949707 12779
1743937083488 14.559435844421387 12789
1743937089730 24.466108322143555 12799
1743937096413 19.247098922729492 12809
1743937104177 16.668859481811523 12819
1743937111705 20.57876205444336 12829
1743937119390 16.90715789794922 12839
1743937126599 16.32305145263672 12849
1743937133696 15.437423706054688 12859
1743937140593 18.415237426757812 12869
1743937147371 16.122812271118164 12879
1743937154409 16.32709312438965 12889
1743937161574 20.63456916809082 12899
1743937168594 17.72123908996582 12909
1743937176015 14.748397827148438 12919
1743937183047 14.709027290344238 12929
1743937189111 16.3574161529541 12939
1743937195138 23.818891525268555 12949
1743937201489 20.569034576416016 12959
1743937207722 14.755976676940918 12969
1743937213608 16.61235237121582 12979
1743937220620 15.074835777282715 12989
1743937227771 14.46376895904541 12999
1743937234521 16.102598190307617 13009
1743937241704 15.769513130187988 13019
1743937247968 15.845574378967285 13029
1743937254308 15.265704154968262 13039
1743937260544 17.67316246032715 13049
1743937266685 16.4537353515625 13059
1743937272628 19.799530029296875 13069
1743937279108 16.000532150268555 13079
1743937285785 16.491722106933594 13089
1743937292625 20.420095443725586 13099
1743937299225 16.621240615844727 13109
1743937305854 18.046037673950195 13119
1743937312040 16.5295352935791 13129
1743937318003 19.145505905151367 13139
1743937324274 18.16704559326172 13149
1743937330559 13.883715629577637 13159
1743937338025 16.872690200805664 13169
1743937345401 15.9398775100708 13179
1743937352630 16.5816650390625 13189
1743937360021 18.2479305267334 13199
1743937367469 22.298446655273438 13209
1743937374488 14.893592834472656 13219
1743937381661 16.99219512939453 13229
1743937388895 19.995695114135742 13239
1743937396051 17.527324676513672 13249
1743937403851 16.603418350219727 13259
1743937411666 14.987639427185059 13269
1743937418572 15.913086891174316 13279
1743937425330 17.26031494140625 13289
1743937431726 16.026784896850586 13299
1743937438426 17.055509567260742 13309
1743937445005 17.36264991760254 13319
1743937451120 17.21628189086914 13329
1743937458148 18.269926071166992 13339
1743937465293 16.557893753051758 13349
1743937472374 17.68377113342285 13359
1743937479666 14.240760803222656 13369
1743937486477 14.539149284362793 13379
1743937492577 18.51413917541504 13389
1743937498904 17.19512176513672 13399
1743937505102 16.409351348876953 13409
1743937511143 16.652528762817383 13419
1743937517459 16.987783432006836 13429
1743937524071 21.991928100585938 13439
1743937530849 12.924029350280762 13449
1743937537356 16.915470123291016 13459
1743937543857 16.58424949645996 13469
1743937550174 18.7050838470459 13479
1743937556080 15.381103515625 13489
1743937562666 17.090721130371094 13499
1743937569578 15.153729438781738 13509
1743937576325 16.003515243530273 13519
1743937583487 17.96167755126953 13529
1743937590565 18.76349639892578 13539
1743937597722 17.399385452270508 13549
1743937605019 16.498779296875 13559
1743937611696 17.961502075195312 13569
1743937618549 17.263200759887695 13579
1743937625437 15.192105293273926 13589
1743937632107 16.38201141357422 13599
1743937639438 20.25736427307129 13609
1743937646533 15.97387409210205 13619
1743937653482 19.042524337768555 13629
1743937660903 15.465049743652344 13639
1743937668080 17.488279342651367 13649
1743937674041 13.639193534851074 13659
1743937680221 17.989538192749023 13669
1743937686888 22.239500045776367 13679
1743937693215 16.577482223510742 13689
1743937700403 15.926745414733887 13699
1743937707723 19.069732666015625 13709
1743937714807 15.597602844238281 13719
1743937721696 19.158401489257812 13729
1743937727919 19.96666717529297 13739
1743937734228 16.561033248901367 13749
1743937745758 15.45495891571045 13759
1743937752008 15.232264518737793 13769
1743937758862 17.51668357849121 13779
1743937765706 15.686492919921875 13789
1743937772449 15.998927116394043 13799
1743937779230 19.8389835357666 13809
1743937785707 14.599295616149902 13819
1743937792369 22.322664260864258 13829
1743937798637 14.284130096435547 13839
1743937804863 15.77051067352295 13849
1743937811495 16.76661491394043 13859
1743937818190 19.535171508789062 13869
1743937825039 16.350955963134766 13879
1743937831594 15.9506254196167 13889
1743937838938 17.224937438964844 13899
1743937845754 20.89305305480957 13909
1743937852773 16.17548942565918 13919
1743937859672 17.214351654052734 13929
1743937866310 16.444913864135742 13939
1743937873128 15.74487018585205 13949
1743937880588 14.812798500061035 13959
1743937887614 16.096956253051758 13969
1743937894914 16.58026123046875 13979
1743937902114 16.429224014282227 13989
1743937909322 17.51051139831543 13999
1743937916541 20.253366470336914 14009
1743937923443 16.378456115722656 14019
1743937930503 15.357748985290527 14029
1743937937724 17.900197982788086 14039
1743937944313 17.031347274780273 14049
1743937951484 19.73094367980957 14059
1743937958620 16.9335880279541 14069
1743937965127 18.84237289428711 14079
1743937971291 14.212444305419922 14089
1743937977673 15.109501838684082 14099
1743937983558 16.87605094909668 14109
1743937989501 17.13150978088379 14119
1743937995885 16.61601448059082 14129
1743938002469 15.648882865905762 14139
1743938009645 15.208992958068848 14149
1743938016324 15.459111213684082 14159
1743938023030 19.584566116333008 14169
1743938029346 15.40473461151123 14179
1743938035448 17.24361801147461 14189
1743938041928 16.092296600341797 14199
1743938048960 16.86058235168457 14209
1743938055588 18.157201766967773 14219
1743938062982 19.458820343017578 14229
1743938070415 15.621444702148438 14239
1743938077750 18.955480575561523 14249
1743938085098 19.864295959472656 14259
1743938092135 16.18156623840332 14269
1743938098959 16.790607452392578 14279
1743938106108 15.237967491149902 14289
1743938112830 14.79570484161377 14299
1743938119972 15.89715576171875 14309
1743938126938 16.19609832763672 14319
1743938134356 15.705973625183105 14329
1743938141504 17.800016403198242 14339
1743938148042 13.192461967468262 14349
1743938154046 15.307052612304688 14359
1743938160031 19.37908363342285 14369
1743938166360 17.9178466796875 14379
1743938172226 17.129785537719727 14389
1743938178254 18.689287185668945 14399
1743938184210 17.0544490814209 14409
1743938190423 18.551401138305664 14419
1743938197301 18.348005294799805 14429
1743938204456 16.026193618774414 14439
1743938210549 18.916181564331055 14449
1743938216445 15.381381034851074 14459
1743938222519 15.99596118927002 14469
1743938228701 16.39326286315918 14479
1743938234755 15.242541313171387 14489
1743938241601 17.18414878845215 14499
1743938248195 15.485323905944824 14509
1743938254725 18.006895065307617 14519
1743938261341 22.63982391357422 14529
1743938268439 17.322246551513672 14539
1743938276022 16.986757278442383 14549
1743938283030 19.065507888793945 14559
1743938289380 15.271044731140137 14569
1743938296359 14.233020782470703 14579
1743938303864 20.952665328979492 14589
1743938311378 14.882182121276855 14599
1743938318696 14.633030891418457 14609
1743938326061 15.526435852050781 14619
1743938333202 16.316513061523438 14629
1743938340133 14.477105140686035 14639
1743938347254 15.152556419372559 14649
1743938354415 15.745516777038574 14659
1743938361870 18.455827713012695 14669
1743938369039 18.3560848236084 14679
1743938377456 15.642890930175781 14689
1743938384483 17.286720275878906 14699
1743938391830 16.299819946289062 14709
1743938399531 18.51276969909668 14719
1743938406907 14.866589546203613 14729
1743938414054 13.6985445022583 14739
1743938421158 15.841995239257812 14749
1743938428383 15.490399360656738 14759
1743938435772 15.746253967285156 14769
1743938442808 19.650039672851562 14779
1743938448732 16.103757858276367 14789
1743938454830 16.686521530151367 14799
1743938460932 16.880861282348633 14809
1743938466843 15.948593139648438 14819
1743938472916 13.958649635314941 14829
1743938480984 16.072927474975586 14839
1743938487744 14.970622062683105 14849
1743938494478 21.384681701660156 14859
1743938501313 17.953237533569336 14869
1743938507447 15.810332298278809 14879
1743938513990 19.326642990112305 14889
1743938520178 17.97429847717285 14899
1743938526390 18.482763290405273 14909
1743938532935 15.111462593078613 14919
1743938540018 19.447683334350586 14929
1743938547391 16.449569702148438 14939
1743938554639 19.970474243164062 14949
1743938562036 18.2441463470459 14959
1743938568906 16.90337371826172 14969
1743938575778 15.738517761230469 14979
1743938582798 16.7585391998291 14989
1743938589851 18.698301315307617 14999
1743938596901 16.53480339050293 15009
1743938604347 19.525407791137695 15019
1743938611657 16.63089942932129 15029
1743938618930 15.706507682800293 15039
1743938625692 16.32918357849121 15049
1743938632208 15.88410472869873 15059
1743938638198 15.417953491210938 15069
1743938644329 15.510910987854004 15079
1743938650746 15.929744720458984 15089
1743938658137 15.220897674560547 15099
1743938665459 19.565683364868164 15109
1743938672693 17.306989669799805 15119
1743938679845 15.348770141601562 15129
1743938686446 16.44089126586914 15139
1743938692438 15.211936950683594 15149
1743938698426 19.94919776916504 15159
1743938704587 16.506574630737305 15169
1743938710757 16.80958366394043 15179
1743938717316 21.1944580078125 15189
1743938724269 14.774154663085938 15199
1743938731295 18.95098304748535 15209
1743938738162 12.68921184539795 15219
1743938744882 16.497726440429688 15229
1743938751149 15.70164966583252 15239
1743938757241 18.12724494934082 15249
1743938763858 19.949899673461914 15259
1743938769933 16.164709091186523 15269
1743938776980 16.928884506225586 15279
1743938790285 15.868121147155762 15289
1743938797687 15.876055717468262 15299
1743938805110 21.6778621673584 15309
1743938812156 15.91237735748291 15319
1743938818979 14.977673530578613 15329
1743938825797 14.296963691711426 15339
1743938832371 19.081636428833008 15349
1743938839232 16.948341369628906 15359
1743938845886 17.552330017089844 15369
1743938853047 17.777795791625977 15379
1743938860320 16.63632583618164 15389
1743938867308 20.774539947509766 15399
1743938873311 14.060320854187012 15409
1743938880199 16.266786575317383 15419
1743938887624 14.59533977508545 15429
1743938895071 17.415128707885742 15439
1743938902576 16.354209899902344 15449
1743938909833 15.708439826965332 15459
1743938917238 16.01995277404785 15469
1743938924137 18.968629837036133 15479
1743938930237 15.49268627166748 15489
1743938936229 16.232786178588867 15499
1743938942177 16.607921600341797 15509
1743938948168 16.86634063720703 15519
1743938954333 14.949661254882812 15529
1743938961091 14.058631896972656 15539
1743938968117 17.407453536987305 15549
1743938974993 15.920496940612793 15559
1743938982016 14.3073091506958 15569
1743938988318 18.662166595458984 15579
1743938994694 16.854156494140625 15589
1743939000851 15.656692504882812 15599
1743939007611 16.922754287719727 15609
1743939014086 16.069448471069336 15619
1743939021165 19.297813415527344 15629
1743939028469 15.038559913635254 15639
1743939035856 18.51892852783203 15649
1743939042731 18.11906623840332 15659
1743939049594 14.048611640930176 15669
1743939056623 13.85767650604248 15679
1743939063281 17.34324073791504 15689
1743939070212 15.56945514678955 15699
1743939077146 17.549667358398438 15709
1743939084543 18.320425033569336 15719
1743939091659 17.214052200317383 15729
1743939099109 19.586679458618164 15739
1743939106203 19.24266815185547 15749
1743939113229 17.951671600341797 15759
1743939120376 15.60655689239502 15769
1743939127376 15.365023612976074 15779
1743939134592 16.18529510498047 15789
1743939141783 14.535694122314453 15799
1743939149263 14.625804901123047 15809
1743939156550 14.15855884552002 15819
1743939163386 17.89802360534668 15829
1743939169198 16.61391258239746 15839
1743939175071 18.41985321044922 15849
1743939181228 15.896071434020996 15859
1743939187298 16.910781860351562 15869
1743939193517 13.741726875305176 15879
1743939200174 18.54213523864746 15889
1743939207039 15.838780403137207 15899
1743939213729 17.598281860351562 15909
1743939220661 17.513580322265625 15919
1743939227510 15.024177551269531 15929
1743939233498 20.131179809570312 15939
1743939239879 16.65818214416504 15949
1743939246107 16.958967208862305 15959
1743939252178 16.083410263061523 15969
1743939259870 18.392126083374023 15979
1743939267198 14.076858520507812 15989
1743939274648 17.500879287719727 15999
1743939282026 18.05201530456543 16009
1743939289313 17.816608428955078 16019
1743939296582 16.930965423583984 16029
1743939303636 18.118261337280273 16039
1743939310961 19.320411682128906 16049
1743939318528 15.463305473327637 16059
1743939326123 16.281761169433594 16069
1743939333585 14.353004455566406 16079
1743939340552 17.5429630279541 16089
1743939347229 14.264370918273926 16099
1743939353437 15.024757385253906 16109
1743939360164 15.157397270202637 16119
1743939366571 12.875882148742676 16129
1743939373348 16.357254028320312 16139
1743939380510 20.048377990722656 16149
1743939387754 18.320756912231445 16159
1743939395116 15.017826080322266 16169
1743939402296 17.61539649963379 16179
1743939408256 14.223660469055176 16189
1743939414185 14.368403434753418 16199
1743939420139 14.0327730178833 16209
1743939426053 14.63024616241455 16219
1743939432025 19.95915412902832 16229
1743939438474 15.912724494934082 16239
1743939445251 17.543533325195312 16249
1743939451760 18.81080436706543 16259
1743939458433 15.4043550491333 16269
1743939464849 20.544832229614258 16279
1743939471140 18.392019271850586 16289
1743939477449 15.088276863098145 16299
1743939483779 16.808320999145508 16309
1743939490521 18.326492309570312 16319
1743939497028 15.546360969543457 16329
1743939504227 14.230664253234863 16339
1743939511312 20.548160552978516 16349
1743939518586 16.509756088256836 16359
1743939525539 15.61034107208252 16369
1743939532294 16.17261505126953 16379
1743939539217 17.894996643066406 16389
1743939546193 19.186246871948242 16399
1743939552912 17.54935646057129 16409
1743939560055 19.39469337463379 16419
1743939567142 16.50880241394043 16429
1743939574632 16.520891189575195 16439
1743939581751 16.303730010986328 16449
1743939588787 15.54017162322998 16459
1743939596372 15.405835151672363 16469
1743939603679 17.858243942260742 16479
1743939611326 24.919164657592773 16489
1743939618391 19.02969741821289 16499
1743939625609 17.548023223876953 16509
1743939632034 15.900372505187988 16519
1743939638028 17.272560119628906 16529
1743939644586 16.484689712524414 16539
1743939650490 17.12944984436035 16549
1743939656524 13.90161418914795 16559
1743939662433 15.774130821228027 16569
1743939668403 17.391691207885742 16579
1743939674338 14.804733276367188 16589
1743939681216 17.37895393371582 16599
1743939687851 19.213502883911133 16609
1743939694601 16.98636817932129 16619
1743939701333 16.775794982910156 16629
1743939707968 16.406578063964844 16639
1743939714297 17.91523551940918 16649
1743939720383 17.652687072753906 16659
1743939727383 18.291425704956055 16669
1743939735151 16.409584045410156 16679
1743939742299 15.3230562210083 16689
1743939749608 18.068227767944336 16699
1743939756898 17.117639541625977 16709
1743939764175 17.306055068969727 16719
1743939771179 14.981258392333984 16729
1743939778492 15.813599586486816 16739
1743939785878 15.024642944335938 16749
1743939793204 17.784303665161133 16759
1743939800427 16.484058380126953 16769
1743939807614 16.110193252563477 16779
1743939814916 14.64474105834961 16789
1743939822393 14.610809326171875 16799
1743939834945 17.19620704650879 16809
1743939841331 15.177302360534668 16819
1743939847804 17.082735061645508 16829
1743939854196 16.365503311157227 16839
1743939859918 15.574958801269531 16849
1743939866075 16.680641174316406 16859
1743939872950 16.700525283813477 16869
1743939879746 17.62074851989746 16879
1743939886277 16.156435012817383 16889
1743939892316 14.8770170211792 16899
1743939898310 17.11110496520996 16909
1743939904574 16.95305633544922 16919
1743939910736 14.782005310058594 16929
1743939917483 15.537399291992188 16939
1743939923876 17.45000457763672 16949
1743939931847 17.12809181213379 16959
1743939939524 15.462414741516113 16969
1743939946233 16.85691261291504 16979
1743939952373 17.50333595275879 16989
1743939959286 16.885622024536133 16999
1743939965460 15.594576835632324 17009
1743939971684 23.899110794067383 17019
1743939978420 16.164735794067383 17029
1743939985523 14.9415922164917 17039
1743939992749 16.501630783081055 17049
1743939999251 15.967577934265137 17059
1743940006268 16.725385665893555 17069
1743940013035 17.431657791137695 17079
1743940019795 15.470947265625 17089
1743940026713 13.465092658996582 17099
1743940033634 16.08704948425293 17109
1743940041483 15.599640846252441 17119
1743940049278 15.150322914123535 17129
1743940056561 21.14876365661621 17139
1743940063858 13.62256145477295 17149
1743940071437 18.495994567871094 17159
1743940078876 15.324650764465332 17169
1743940085889 16.8258113861084 17179
1743940093186 15.460070610046387 17189
1743940100258 14.398303031921387 17199
1743940107135 14.834769248962402 17209
1743940114441 16.382211685180664 17219
1743940121263 17.09882164001465 17229
1743940127749 16.7689151763916 17239
1743940133848 17.092309951782227 17249
1743940140061 17.331663131713867 17259
1743940146226 17.463619232177734 17269
1743940152228 15.171263694763184 17279
1743940158994 18.6027889251709 17289
1743940165669 15.1361722946167 17299
1743940172492 16.334314346313477 17309
1743940179152 17.187353134155273 17319
1743940185591 15.725659370422363 17329
1743940192104 14.936538696289062 17339
1743940199213 13.304875373840332 17349
1743940206215 20.598539352416992 17359
1743940212171 15.193325996398926 17369
1743940219344 18.3882999420166 17379
1743940226888 16.692432403564453 17389
1743940234814 16.527389526367188 17399
1743940242219 16.432598114013672 17409
1743940249249 14.939502716064453 17419
1743940256232 17.605318069458008 17429
1743940263417 16.206212997436523 17439
1743940270581 19.961942672729492 17449
1743940277702 15.138957023620605 17459
1743940284712 15.822903633117676 17469
1743940291446 15.713980674743652 17479
1743940298956 15.098782539367676 17489
1743940305886 14.358448028564453 17499
1743940312257 14.07363224029541 17509
1743940318529 14.96682357788086 17519
1743940325070 20.25865364074707 17529
1743940331151 16.389511108398438 17539
1743940337049 15.141902923583984 17549
1743940342859 14.20383358001709 17559
1743940348825 15.663154602050781 17569
1743940355351 16.90374183654785 17579
1743940362565 16.00156593322754 17589
1743940368659 17.21370506286621 17599
1743940374469 17.829496383666992 17609
1743940380481 18.199546813964844 17619
1743940386306 16.275999069213867 17629
1743940392354 16.970949172973633 17639
1743940399154 16.96178436279297 17649
1743940406227 16.244327545166016 17659
1743940413125 14.85191822052002 17669
1743940419865 17.14105796813965 17679
1743940426428 15.061050415039062 17689
1743940432648 16.0858211517334 17699
1743940438906 16.563148498535156 17709
1743940445014 15.68353271484375 17719
1743940451685 19.71857261657715 17729
1743940458524 16.357866287231445 17739
1743940465870 15.928545951843262 17749
1743940473158 16.656021118164062 17759
1743940480668 15.540156364440918 17769
1743940487796 16.00306510925293 17779
1743940494759 16.533527374267578 17789
1743940501731 17.20383644104004 17799
1743940509478 18.949995040893555 17809
1743940516649 15.649836540222168 17819
1743940524561 23.63373374938965 17829
1743940531919 15.3938627243042 17839
1743940539543 24.122474670410156 17849
1743940546583 16.342205047607422 17859
1743940552771 13.467976570129395 17869
1743940559124 17.70254135131836 17879
1743940565396 17.86491584777832 17889
1743940571653 15.735621452331543 17899
1743940577333 20.893903732299805 17909
1743940583451 21.047332763671875 17919
1743940590200 15.033942222595215 17929
1743940597473 14.723223686218262 17939
1743940604458 18.610280990600586 17949
1743940610197 19.613178253173828 17959
1743940616102 15.273449897766113 17969
1743940622347 19.278684616088867 17979
1743940628458 15.766560554504395 17989
1743940634720 15.720443725585938 17999
1743940641466 14.098711967468262 18009
1743940648247 16.506319046020508 18019
1743940655017 16.863367080688477 18029
1743940661783 16.653226852416992 18039
1743940668218 13.68435287475586 18049
1743940674991 16.159931182861328 18059
1743940681132 16.104084014892578 18069
1743940687373 16.150423049926758 18079
1743940693770 16.804649353027344 18089
1743940700592 15.203575134277344 18099
1743940707898 16.49846076965332 18109
1743940714887 16.837059020996094 18119
1743940721992 16.249048233032227 18129
1743940728776 15.452167510986328 18139
1743940735665 15.211952209472656 18149
1743940742245 14.511016845703125 18159
1743940749254 14.131831169128418 18169
1743940756326 16.366174697875977 18179
1743940763565 17.53499984741211 18189
1743940771228 14.152995109558105 18199
1743940778776 17.264509201049805 18209
1743940786400 13.656922340393066 18219
1743940794240 15.270951271057129 18229
1743940801910 16.085168838500977 18239
1743940809186 15.877681732177734 18249
1743940816347 18.7447566986084 18259
1743940823068 14.347801208496094 18269
1743940830310 16.069225311279297 18279
1743940837201 14.082996368408203 18289
1743940843962 17.535676956176758 18299
1743940849686 18.826141357421875 18309
1743940855709 17.25269317626953 18319
1743940861654 14.561800956726074 18329
1743940873038 16.671236038208008 18339
1743940879504 16.1291561126709 18349
1743940886161 16.774431228637695 18359
1743940892889 16.418874740600586 18369
1743940899559 15.57349681854248 18379
1743940905799 18.65471076965332 18389
1743940911809 13.331291198730469 18399
1743940918220 16.960676193237305 18409
1743940925374 18.777149200439453 18419
1743940932839 15.253204345703125 18429
1743940939826 16.120615005493164 18439
1743940946676 19.204683303833008 18449
1743940953735 14.34002685546875 18459
1743940960574 16.086549758911133 18469
1743940967626 23.31659698486328 18479
1743940974615 12.832462310791016 18489
1743940981606 18.275707244873047 18499
1743940988532 16.492647171020508 18509
1743940995583 15.343597412109375 18519
1743941003124 15.3250093460083 18529
1743941010067 21.663694381713867 18539
1743941017350 17.445240020751953 18549
1743941024717 15.785163879394531 18559
1743941031490 14.90217113494873 18569
1743941037370 15.161239624023438 18579
1743941043644 16.190576553344727 18589
