1743788901250 0.0 9
1743788904866 0.0 19
1743788908764 0.0 29
1743788912807 0.0 39
1743788916646 0.0 49
1743788920703 0.0 59
1743788924416 0.0 69
1743788927955 0.0 79
1743788931404 0.0 89
1743788935120 0.0 99
1743788938940 0.0 109
1743788942614 0.0 119
1743788946225 0.0 129
1743788949605 0.0 139
1743788953258 0.0 149
1743788957113 0.0 159
1743788960928 0.0 169
1743788964727 0.0 179
1743788968737 0.0 189
1743788972800 0.0 199
1743788976648 0.0 209
1743788980438 0.0 219
1743788984187 0.0 229
1743788988140 0.0 239
1743788991646 0.0 249
1743788995223 0.0 259
1743788998773 0.0 269
1743789002369 0.0 279
1743789006049 0.0 289
1743789009699 0.0 299
1743789013977 0.0 309
1743789018308 0.0 319
1743789022710 0.0 329
1743789027007 0.0 339
1743789031442 0.0 349
1743789035746 0.0 359
1743789040120 0.0 369
1743789044222 0.0 379
1743789048357 0.0 389
1743789052206 0.0 399
1743789056138 0.0 409
1743789060150 0.0 419
1743789064237 0.0 429
1743789068334 0.0 439
1743789072138 0.0 449
1743789076501 0.0 459
1743789080842 0.0 469
1743789085356 0.0 479
1743789089810 0.0 489
1743789094012 0.0 499
1743789098149 0.0 509
1743789102157 0.0 519
1743789105559 0.0 529
1743789109134 0.0 539
1743789112685 0.0 549
1743789116225 0.0 559
1743789119879 0.0 569
1743789123298 0.0 579
1743789126709 0.0 589
1743789130186 0.0 599
1743789134147 0.0 609
1743789135105 0.0 611
1743789136457 0.0 611
1743789140048 1.0 619
1743789144100 1.0 629
1743789147830 1.0 639
1743789151605 1.0 649
1743789155338 1.0 659
1743789159038 1.0 669
1743789162758 1.0 679
1743789166338 1.0 689
1743789169910 1.0 699
1743789173480 1.0 709
1743789177176 1.0 719
1743789180836 1.0 729
1743789184560 1.0 739
1743789188284 1.0 749
1743789191826 1.0 759
1743789195818 1.0 769
1743789199742 1.0 779
1743789203758 1.0 789
1743789207947 1.0 799
1743789211974 1.0 809
1743789215999 1.0 819
1743789219856 1.0 829
1743789223830 1.0 839
1743789227713 1.0 849
1743789231413 1.0 859
1743789234990 1.0 869
1743789238700 1.0 879
1743789242419 1.0 889
1743789246260 1.0 899
1743789249801 1.0 909
1743789253970 1.0 919
1743789258578 1.0 929
1743789263202 1.0 939
1743789267418 1.0 949
1743789271630 1.0 959
1743789275876 1.0 969
1743789280594 1.0 979
1743789284548 1.0 989
1743789288866 1.0 999
1743789293005 1.0 1009
1743789297227 1.0 1019
1743789301306 1.0 1029
1743789305360 1.0 1039
1743789309481 1.0 1049
1743789313624 1.0 1059
1743789317878 1.0 1069
1743789322382 1.0 1079
1743789326602 1.0 1089
1743789330682 1.0 1099
1743789334822 1.0 1109
1743789338973 1.0 1119
1743789343331 1.0 1129
1743789347669 1.0 1139
1743789351623 1.0 1149
1743789355534 1.0 1159
1743789360074 1.0 1169
1743789364358 1.0 1179
1743789368509 1.0 1189
1743789372647 1.0 1199
1743789376891 1.0 1209
1743789381108 1.0 1219
1743789382929 1.0 1223
1743789384095 1.0 1223
1743789387073 2.0 1229
1743789391485 2.0 1239
1743789395673 2.0 1249
1743789400213 2.0 1259
1743789403775 2.0 1269
1743789407219 2.0 1279
1743789410614 2.0 1289
1743789414023 2.0 1299
1743789417492 2.0 1309
1743789420985 2.0 1319
1743789424452 2.0 1329
1743789427948 2.0 1339
1743789431455 2.0 1349
1743789435305 2.0 1359
1743789439277 2.0 1369
1743789443243 2.0 1379
1743789447175 2.0 1389
1743789451099 2.0 1399
1743789455093 2.0 1409
1743789459095 2.0 1419
1743789463105 2.0 1429
1743789466603 2.0 1439
1743789470545 2.0 1449
1743789474242 2.0 1459
1743789477687 2.0 1469
1743789481532 2.0 1479
1743789485177 2.0 1489
1743789489042 2.0 1499
1743789492834 2.0 1509
1743789497349 2.0 1519
1743789501638 2.0 1529
1743789506067 2.0 1539
1743789510311 2.0 1549
1743789514469 2.0 1559
1743789518792 2.0 1569
1743789522890 2.0 1579
1743789526788 2.0 1589
1743789530932 2.0 1599
1743789535066 2.0 1609
1743789539176 2.0 1619
1743789543151 2.0 1629
1743789547550 2.0 1639
1743789551942 2.0 1649
1743789556103 2.0 1659
1743789560371 2.0 1669
1743789564807 2.0 1679
1743789568886 2.0 1689
1743789573051 2.0 1699
1743789577277 2.0 1709
1743789581458 2.0 1719
1743789585197 2.0 1729
1743789588649 2.0 1739
1743789592326 2.0 1749
1743789595757 2.0 1759
1743789599313 2.0 1769
1743789602975 2.0 1779
1743789606531 2.0 1789
1743789610155 2.0 1799
1743789613559 2.0 1809
1743789617115 2.0 1819
1743789620617 2.0 1829
1743789622855 2.0 1835
1743789623905 2.0 1835
1743789625558 3.0 1839
1743789628990 3.0 1849
1743789632393 3.0 1859
1743789635950 3.0 1869
1743789639455 3.0 1879
1743789643019 3.0 1889
1743789646420 3.0 1899
1743789649872 3.0 1909
1743789653434 3.0 1919
1743789656829 3.0 1929
1743789660366 3.0 1939
1743789663851 3.0 1949
1743789667285 3.0 1959
1743789670742 3.0 1969
1743789674641 3.0 1979
1743789678606 3.0 1989
1743789682564 3.0 1999
1743789686528 3.0 2009
1743789690510 3.0 2019
1743789694696 3.0 2029
1743789698659 3.0 2039
1743789702753 3.0 2049
1743789706739 3.0 2059
1743789710735 3.0 2069
1743789714685 3.0 2079
1743789718252 3.0 2089
1743789721879 3.0 2099
1743789725463 3.0 2109
1743789729121 3.0 2119
1743789732706 3.0 2129
1743789737303 3.0 2139
1743789741639 3.0 2149
1743789745855 3.0 2159
1743789750403 3.0 2169
1743789754711 3.0 2179
1743789759060 3.0 2189
1743789763482 3.0 2199
1743789767621 3.0 2209
1743789771863 3.0 2219
1743789776062 3.0 2229
1743789780298 3.0 2239
1743789784364 3.0 2249
1743789788668 3.0 2259
1743789792791 3.0 2269
1743789796945 3.0 2279
1743789801504 3.0 2289
1743789805771 3.0 2299
1743789810597 3.0 2309
1743789816110 3.0 2319
1743789820809 3.0 2329
1743789825658 3.0 2339
1743789829971 3.0 2349
1743789834452 3.0 2359
1743789839249 3.0 2369
1743789843617 3.0 2379
1743789848411 3.0 2389
1743789852891 3.0 2399
1743789857399 3.0 2409
1743789861838 3.0 2419
1743789866102 3.0 2429
1743789870052 3.0 2439
1743789873581 3.0 2447
1743789874704 3.0 2447
1743789875836 4.0 2449
1743789880305 4.0 2459
1743789883932 4.0 2469
1743789887546 4.0 2479
1743789891055 4.0 2489
1743789894705 4.0 2499
1743789898304 4.0 2509
1743789901909 4.0 2519
1743789905514 4.0 2529
1743789909106 4.0 2539
1743789912969 4.0 2549
1743789917060 4.0 2559
1743789921074 4.0 2569
1743789925118 4.0 2579
1743789929202 4.0 2589
1743789933409 4.0 2599
1743789937385 4.0 2609
1743789941601 4.0 2619
1743789945490 4.0 2629
1743789949487 4.0 2639
1743789953276 4.0 2649
1743789957451 4.0 2659
1743789960938 4.0 2669
1743789964402 4.0 2679
1743789968311 4.0 2689
1743789972762 4.0 2699
1743789977488 4.0 2709
1743789982223 4.0 2719
1743789986792 4.0 2729
1743789991190 4.0 2739
1743789995612 4.0 2749
1743790000111 4.0 2759
1743790004319 4.0 2769
1743790008508 4.0 2779
1743790012747 4.0 2789
1743790017081 4.0 2799
1743790021387 4.0 2809
1743790025591 4.0 2819
1743790029920 4.0 2829
1743790034382 4.0 2839
1743790038845 4.0 2849
1743790043343 4.0 2859
1743790047739 4.0 2869
1743790051939 4.0 2879
1743790055876 4.0 2889
1743790060221 4.0 2899
1743790064097 4.0 2909
1743790067765 4.0 2919
1743790071346 4.0 2929
1743790074951 4.0 2939
1743790078601 4.0 2949
1743790082176 4.0 2959
1743790085740 4.0 2969
1743790089218 4.0 2979
1743790092719 4.0 2989
1743790096318 4.0 2999
1743790099937 4.0 3009
1743790103536 4.0 3019
1743790107044 4.0 3029
1743790110642 4.0 3039
1743790114226 4.0 3049
1743790117908 4.0 3059
1743790118083 4.0 3059
1743790119235 4.0 3059
1743790123118 5.0 3069
1743790126683 5.0 3079
1743790130274 5.0 3089
1743790133941 5.0 3099
1743790137263 5.0 3109
1743790140608 5.0 3119
1743790144084 5.0 3129
1743790147399 5.0 3139
1743790150793 5.0 3149
1743790154601 5.0 3159
1743790158674 5.0 3169
1743790162534 5.0 3179
1743790166404 5.0 3189
1743790170205 5.0 3199
1743790174121 5.0 3209
1743790178072 5.0 3219
1743790181950 5.0 3229
1743790185568 5.0 3239
1743790189134 5.0 3249
1743790192652 5.0 3259
1743790196520 5.0 3269
1743790200362 5.0 3279
1743790203949 5.0 3289
1743790207563 5.0 3299
1743790211682 5.0 3309
1743790215738 5.0 3319
1743790220029 5.0 3329
1743790224167 5.0 3339
1743790228140 5.0 3349
1743790232292 5.0 3359
1743790236371 5.0 3369
1743790240603 5.0 3379
1743790244951 5.0 3389
1743790248946 5.0 3399
1743790253159 5.0 3409
1743790257426 5.0 3419
1743790261514 5.0 3429
1743790265835 5.0 3439
1743790270014 5.0 3449
1743790274244 5.0 3459
1743790278855 5.0 3469
1743790283540 5.0 3479
1743790287966 5.0 3489
1743790292129 5.0 3499
1743790296325 5.0 3509
1743790300659 5.0 3519
1743790304141 5.0 3529
1743790307661 5.0 3539
1743790311209 5.0 3549
1743790314802 5.0 3559
1743790318339 5.0 3569
1743790321918 5.0 3579
1743790325565 5.0 3589
1743790329254 5.0 3599
1743790332895 5.0 3609
1743790336369 5.0 3619
1743790339861 5.0 3629
1743790343412 5.0 3639
1743790347013 5.0 3649
1743790350435 5.0 3659
1743790353969 5.0 3669
1743790354826 5.0 3671
1743790355913 5.0 3671
1743790358930 6.0 3679
1743790362470 6.0 3689
1743790366097 6.0 3699
1743790369874 6.0 3709
1743790373454 6.0 3719
1743790376987 6.0 3729
1743790380591 6.0 3739
1743790384277 6.0 3749
1743790387814 6.0 3759
1743790391288 6.0 3769
1743790395203 6.0 3779
1743790399377 6.0 3789
1743790403476 6.0 3799
1743790407300 6.0 3809
1743790411213 6.0 3819
1743790415139 6.0 3829
1743790418988 6.0 3839
1743790422874 6.0 3849
1743790426578 6.0 3859
1743790430178 6.0 3869
1743790433832 6.0 3879
1743790437832 6.0 3889
1743790441396 6.0 3899
1743790445345 6.0 3909
1743790449029 6.0 3919
1743790452927 6.0 3929
1743790457451 6.0 3939
1743790461621 6.0 3949
1743790465920 6.0 3959
1743790470417 6.0 3969
1743790474977 6.0 3979
1743790479639 6.0 3989
1743790483966 6.0 3999
1743790488007 6.0 4009
1743790492292 6.0 4019
1743790496647 6.0 4029
1743790500734 6.0 4039
1743790504835 6.0 4049
1743790509172 6.0 4059
1743790513499 6.0 4069
1743790517463 6.0 4079
1743790521566 6.0 4089
1743790525843 6.0 4099
1743790529797 6.0 4109
1743790533951 6.0 4119
1743790538042 6.0 4129
1743790542049 6.0 4139
1743790546152 6.0 4149
1743790550454 6.0 4159
1743790554773 6.0 4169
1743790559125 6.0 4179
1743790563118 6.0 4189
1743790567243 6.0 4199
1743790571349 6.0 4209
1743790575484 6.0 4219
1743790580005 6.0 4229
1743790584414 6.0 4239
1743790588774 6.0 4249
1743790593274 6.0 4259
1743790597766 6.0 4269
1743790601753 6.0 4279
1743790603312 6.0 4283
1743790604412 6.0 4283
