1743788897178 0.0037153522909717258 0
1743788897180 0.0037153522909717258 0
1743789136458 0.0037153522909717258 612
1743789136459 0.0037153522909717258 612
1743789384096 0.0037153522909717258 1224
1743789384097 0.0037153522909717258 1224
1743789623907 0.0037153522909717258 1836
1743789623907 0.0037153522909717258 1836
1743789874705 0.0037153522909717258 2448
1743789874706 0.0037153522909717258 2448
1743790119236 0.0037153522909717258 3060
1743790119237 0.0037153522909717258 3060
1743790355914 0.0037153522909717258 3672
1743790355915 0.0037153522909717258 3672
