1743788901250 77.44864654541016 9
1743788904866 79.8565902709961 19
1743788908764 78.10717010498047 29
1743788912807 84.2946548461914 39
1743788916646 76.63782501220703 49
1743788920703 69.22525024414062 59
1743788924416 94.77237701416016 69
1743788927955 75.61458587646484 79
1743788931404 77.71426391601562 89
1743788935120 80.92102813720703 99
1743788938940 66.31451416015625 109
1743788942614 64.13056182861328 119
1743788946225 70.7048110961914 129
1743788949605 75.05636596679688 139
1743788953258 72.6971206665039 149
1743788957113 75.33357238769531 159
1743788960928 66.83583068847656 169
1743788964727 78.22319793701172 179
1743788968737 73.4907455444336 189
1743788972800 71.20362854003906 199
1743788976648 75.84063720703125 209
1743788980438 71.96460723876953 219
1743788984187 78.25496673583984 229
1743788988140 67.41925048828125 239
1743788991646 59.46864700317383 249
1743788995223 57.272125244140625 259
1743788998773 75.33661651611328 269
1743789002369 62.45463180541992 279
1743789006049 72.50835418701172 289
1743789009699 66.39251708984375 299
1743789013977 66.71190643310547 309
1743789018308 76.46565246582031 319
1743789022710 55.04673767089844 329
1743789027007 55.64323043823242 339
1743789031442 71.6174087524414 349
1743789035746 49.30524826049805 359
1743789040120 66.1865234375 369
1743789044222 56.41343307495117 379
1743789048357 67.88520050048828 389
1743789052206 53.994197845458984 399
1743789056138 48.81284713745117 409
1743789060150 69.4579086303711 419
1743789064237 64.87183380126953 429
1743789068334 47.3133430480957 439
1743789072138 46.415252685546875 449
1743789076501 52.02699661254883 459
1743789080842 53.44683837890625 469
1743789085356 54.11660385131836 479
1743789089810 44.98447799682617 489
1743789094012 57.994537353515625 499
1743789098149 50.1579704284668 509
1743789102157 69.8196029663086 519
1743789105559 56.76816177368164 529
1743789109134 55.6257209777832 539
1743789112685 52.62758255004883 549
1743789116225 55.11399459838867 559
1743789119879 51.03184127807617 569
1743789123298 49.22256088256836 579
1743789126709 49.014404296875 589
1743789130186 60.497859954833984 599
1743789134147 43.21748733520508 609
1743789140048 47.12430953979492 619
1743789144100 49.01045227050781 629
1743789147830 41.44060134887695 639
1743789151605 54.698150634765625 649
1743789155338 53.659881591796875 659
1743789159038 46.83052062988281 669
1743789162758 44.87784957885742 679
1743789166338 56.5218391418457 689
1743789169910 50.833160400390625 699
1743789173480 45.539947509765625 709
1743789177176 62.18050765991211 719
1743789180836 44.740203857421875 729
1743789184560 48.05995559692383 739
1743789188284 45.862606048583984 749
1743789191826 46.77162551879883 759
1743789195818 42.382442474365234 769
1743789199742 42.964019775390625 779
1743789203758 42.23813247680664 789
1743789207947 43.26092529296875 799
1743789211974 46.01308059692383 809
1743789215999 52.89799499511719 819
1743789219856 41.18159103393555 829
1743789223830 43.49385452270508 839
1743789227713 34.183349609375 849
1743789231413 42.99575424194336 859
1743789234990 45.07094192504883 869
1743789238700 37.59193801879883 879
1743789242419 45.47255325317383 889
1743789246260 42.22993087768555 899
1743789249801 36.531864166259766 909
1743789253970 42.12723922729492 919
1743789258578 43.776580810546875 929
1743789263202 42.58943557739258 939
1743789267418 44.0627555847168 949
1743789271630 36.87838363647461 959
1743789275876 38.0476188659668 969
1743789280594 43.48603439331055 979
1743789284548 36.81394577026367 989
1743789288866 51.9501838684082 999
1743789293005 36.118709564208984 1009
1743789297227 42.1810302734375 1019
1743789301306 41.612422943115234 1029
1743789305360 39.51734924316406 1039
1743789309481 36.704376220703125 1049
1743789313624 41.51237869262695 1059
1743789317878 37.4641227722168 1069
1743789322382 32.93428421020508 1079
1743789326602 40.706878662109375 1089
1743789330682 50.74479675292969 1099
1743789334822 35.3449821472168 1109
1743789338973 40.41267013549805 1119
1743789343331 36.330108642578125 1129
1743789347669 34.27558517456055 1139
1743789351623 36.32609176635742 1149
1743789355534 41.77602005004883 1159
1743789360074 39.19844436645508 1169
1743789364358 40.68069839477539 1179
1743789368509 28.423200607299805 1189
1743789372647 38.598026275634766 1199
1743789376891 34.73654556274414 1209
1743789381108 39.00290298461914 1219
1743789387073 45.33723068237305 1229
1743789391485 26.623018264770508 1239
1743789395673 36.522132873535156 1249
1743789400213 37.60203552246094 1259
1743789403775 38.60493850708008 1269
1743789407219 34.61483383178711 1279
1743789410614 26.28577423095703 1289
1743789414023 31.10310935974121 1299
1743789417492 33.95439529418945 1309
1743789420985 29.486068725585938 1319
1743789424452 45.05168533325195 1329
1743789427948 28.48956871032715 1339
1743789431455 27.28544044494629 1349
1743789435305 43.76814651489258 1359
1743789439277 24.72139549255371 1369
1743789443243 32.5754508972168 1379
1743789447175 28.106603622436523 1389
1743789451099 34.07194900512695 1399
1743789455093 31.73671531677246 1409
1743789459095 29.56928062438965 1419
1743789463105 31.05736541748047 1429
1743789466603 29.420312881469727 1439
1743789470545 46.13947677612305 1449
1743789474242 32.9848747253418 1459
1743789477687 34.46352005004883 1469
1743789481532 23.86798858642578 1479
1743789485177 28.678186416625977 1489
1743789489042 33.93893051147461 1499
1743789492834 29.58962059020996 1509
1743789497349 30.925317764282227 1519
1743789501638 37.80805969238281 1529
1743789506067 42.63785934448242 1539
1743789510311 36.541568756103516 1549
1743789514469 48.81452560424805 1559
1743789518792 44.46061325073242 1569
1743789522890 36.830265045166016 1579
1743789526788 41.12360763549805 1589
1743789530932 37.8018913269043 1599
1743789535066 37.6724967956543 1609
1743789539176 33.164337158203125 1619
1743789543151 40.72726058959961 1629
1743789547550 36.57377624511719 1639
1743789551942 29.624643325805664 1649
1743789556103 28.30094337463379 1659
1743789560371 34.740203857421875 1669
1743789564807 32.43116760253906 1679
1743789568886 36.15305709838867 1689
1743789573051 27.050094604492188 1699
1743789577277 31.316537857055664 1709
1743789581458 36.10706329345703 1719
1743789585197 27.803558349609375 1729
1743789588649 37.25494384765625 1739
1743789592326 33.321353912353516 1749
1743789595757 26.448165893554688 1759
1743789599313 31.016189575195312 1769
1743789602975 24.3626708984375 1779
1743789606531 34.533206939697266 1789
1743789610155 33.88889694213867 1799
1743789613559 31.494293212890625 1809
1743789617115 22.102487564086914 1819
1743789620617 26.157419204711914 1829
1743789625558 31.156747817993164 1839
1743789628990 31.972078323364258 1849
1743789632393 35.53266525268555 1859
1743789635950 30.66792869567871 1869
1743789639455 30.776952743530273 1879
1743789643019 33.315093994140625 1889
1743789646420 34.072383880615234 1899
1743789649872 31.120635986328125 1909
1743789653434 30.514978408813477 1919
1743789656829 26.802337646484375 1929
1743789660366 28.52132225036621 1939
1743789663851 33.49367904663086 1949
1743789667285 26.201215744018555 1959
1743789670742 33.9546012878418 1969
1743789674641 27.45672035217285 1979
1743789678606 23.782751083374023 1989
1743789682564 32.891868591308594 1999
1743789686528 34.64613342285156 2009
1743789690510 23.008018493652344 2019
1743789694696 21.317455291748047 2029
1743789698659 28.295236587524414 2039
1743789702753 24.752845764160156 2049
1743789706739 26.114194869995117 2059
1743789710735 21.60710906982422 2069
1743789714685 22.928878784179688 2079
1743789718252 33.45603942871094 2089
1743789721879 32.710880279541016 2099
1743789725463 26.481292724609375 2109
1743789729121 30.231658935546875 2119
1743789732706 33.11772537231445 2129
1743789737303 33.897682189941406 2139
1743789741639 24.360315322875977 2149
1743789745855 28.368553161621094 2159
1743789750403 27.180959701538086 2169
1743789754711 27.645837783813477 2179
1743789759060 26.524309158325195 2189
1743789763482 26.210205078125 2199
1743789767621 29.017494201660156 2209
1743789771863 23.913984298706055 2219
1743789776062 25.412240982055664 2229
1743789780298 37.93672561645508 2239
1743789784364 28.987356185913086 2249
1743789788668 33.94478988647461 2259
1743789792791 23.563125610351562 2269
1743789796945 25.58893585205078 2279
1743789801504 33.374595642089844 2289
1743789805771 25.64739418029785 2299
1743789810597 24.895727157592773 2309
1743789816110 31.07494354248047 2319
1743789820809 33.35853958129883 2329
1743789825658 29.38087272644043 2339
1743789829971 29.45302391052246 2349
1743789834452 30.09796714782715 2359
1743789839249 40.55260467529297 2369
1743789843617 18.79754638671875 2379
1743789848411 30.485204696655273 2389
1743789852891 28.231061935424805 2399
1743789857399 28.48320198059082 2409
1743789861838 23.298669815063477 2419
1743789866102 29.2596378326416 2429
1743789870052 38.14955139160156 2439
1743789875836 31.988540649414062 2449
1743789880305 24.293441772460938 2459
1743789883932 31.950624465942383 2469
1743789887546 33.152339935302734 2479
1743789891055 27.137222290039062 2489
1743789894705 23.795028686523438 2499
1743789898304 22.700021743774414 2509
1743789901909 22.572593688964844 2519
1743789905514 23.54254722595215 2529
1743789909106 26.400665283203125 2539
1743789912969 25.60727882385254 2549
1743789917060 24.382781982421875 2559
1743789921074 22.476377487182617 2569
1743789925118 25.567298889160156 2579
1743789929202 25.62786293029785 2589
1743789933409 26.383272171020508 2599
1743789937385 39.92518997192383 2609
1743789941601 27.08391571044922 2619
1743789945490 35.108089447021484 2629
1743789949487 19.93665885925293 2639
1743789953276 31.623764038085938 2649
1743789957451 19.87593650817871 2659
1743789960938 20.576215744018555 2669
1743789964402 26.11686897277832 2679
1743789968311 21.448469161987305 2689
1743789972762 23.405954360961914 2699
1743789977488 31.198781967163086 2709
1743789982223 25.56477165222168 2719
1743789986792 27.267702102661133 2729
1743789991190 29.14369773864746 2739
1743789995612 27.56316566467285 2749
1743790000111 21.82808494567871 2759
1743790004319 21.766328811645508 2769
1743790008508 35.116939544677734 2779
1743790012747 28.956283569335938 2789
1743790017081 35.192142486572266 2799
1743790021387 20.828163146972656 2809
1743790025591 28.24652862548828 2819
1743790029920 25.27940559387207 2829
1743790034382 27.117483139038086 2839
1743790038845 31.05646514892578 2849
1743790043343 28.299697875976562 2859
1743790047739 25.50872802734375 2869
1743790051939 20.082870483398438 2879
1743790055876 23.580230712890625 2889
1743790060221 23.629404067993164 2899
1743790064097 33.891117095947266 2909
1743790067765 24.605247497558594 2919
1743790071346 21.8490047454834 2929
1743790074951 24.1132869720459 2939
1743790078601 44.0877799987793 2949
1743790082176 35.14858627319336 2959
1743790085740 24.011972427368164 2969
1743790089218 27.544145584106445 2979
1743790092719 21.692506790161133 2989
1743790096318 23.323286056518555 2999
1743790099937 24.777517318725586 3009
1743790103536 17.84564208984375 3019
1743790107044 22.254663467407227 3029
1743790110642 19.105844497680664 3039
1743790114226 25.22759437561035 3049
1743790117908 32.45564651489258 3059
1743790123118 21.252275466918945 3069
1743790126683 23.065658569335938 3079
1743790130274 21.13397979736328 3089
1743790133941 18.79571533203125 3099
1743790137263 34.40126419067383 3109
1743790140608 20.43483543395996 3119
1743790144084 19.243925094604492 3129
1743790147399 25.261810302734375 3139
1743790150793 28.733848571777344 3149
1743790154601 26.11760902404785 3159
1743790158674 31.97259521484375 3169
1743790162534 25.93352508544922 3179
1743790166404 23.919763565063477 3189
1743790170205 27.86833381652832 3199
1743790174121 23.673385620117188 3209
1743790178072 26.35917854309082 3219
1743790181950 30.964101791381836 3229
1743790185568 30.322927474975586 3239
1743790189134 25.07451057434082 3249
1743790192652 22.425765991210938 3259
1743790196520 23.187164306640625 3269
1743790200362 21.642484664916992 3279
1743790203949 23.96270751953125 3289
1743790207563 20.64194679260254 3299
1743790211682 27.985708236694336 3309
1743790215738 21.111085891723633 3319
1743790220029 29.100631713867188 3329
1743790224167 20.49784278869629 3339
1743790228140 28.444931030273438 3349
1743790232292 32.29838943481445 3359
1743790236371 22.845361709594727 3369
1743790240603 32.564388275146484 3379
1743790244951 35.94361114501953 3389
1743790248946 23.573266983032227 3399
1743790253159 24.153114318847656 3409
1743790257426 24.0899715423584 3419
1743790261514 21.881746292114258 3429
1743790265835 20.207508087158203 3439
1743790270014 23.27594566345215 3449
1743790274244 17.116029739379883 3459
1743790278855 27.3399658203125 3469
1743790283540 24.416086196899414 3479
1743790287966 25.965227127075195 3489
1743790292129 27.978052139282227 3499
1743790296325 23.0540714263916 3509
1743790300659 25.34950065612793 3519
1743790304141 28.2067928314209 3529
1743790307661 32.66637420654297 3539
1743790311209 21.49135398864746 3549
1743790314802 22.222143173217773 3559
1743790318339 30.489654541015625 3569
1743790321918 32.39845657348633 3579
1743790325565 18.332168579101562 3589
1743790329254 28.60202980041504 3599
1743790332895 21.276691436767578 3609
1743790336369 25.27033805847168 3619
1743790339861 23.05448341369629 3629
1743790343412 25.670549392700195 3639
1743790347013 26.759794235229492 3649
1743790350435 21.514307022094727 3659
1743790353969 24.2296142578125 3669
1743790358930 22.180849075317383 3679
1743790362470 31.34723472595215 3689
1743790366097 28.114578247070312 3699
1743790369874 23.9014892578125 3709
1743790373454 19.809328079223633 3719
1743790376987 18.6978759765625 3729
1743790380591 25.541345596313477 3739
1743790384277 18.467512130737305 3749
1743790387814 19.838640213012695 3759
1743790391288 24.190139770507812 3769
1743790395203 25.11960792541504 3779
1743790399377 28.142562866210938 3789
1743790403476 21.080215454101562 3799
1743790407300 21.839622497558594 3809
1743790411213 21.73116111755371 3819
1743790415139 26.27631950378418 3829
1743790418988 22.08509063720703 3839
1743790422874 26.212554931640625 3849
1743790426578 24.843427658081055 3859
1743790430178 20.838516235351562 3869
1743790433832 29.667272567749023 3879
1743790437832 25.45378875732422 3889
1743790441396 22.137075424194336 3899
1743790445345 30.108652114868164 3909
1743790449029 28.689125061035156 3919
1743790452927 19.10565948486328 3929
1743790457451 21.94114875793457 3939
1743790461621 25.638132095336914 3949
1743790465920 25.351686477661133 3959
1743790470417 27.87281608581543 3969
1743790474977 26.32366371154785 3979
1743790479639 23.46172523498535 3989
1743790483966 19.336158752441406 3999
1743790488007 21.010156631469727 4009
1743790492292 22.258920669555664 4019
1743790496647 30.201745986938477 4029
1743790500734 20.835073471069336 4039
1743790504835 22.9610538482666 4049
1743790509172 24.246034622192383 4059
1743790513499 23.94549560546875 4069
1743790517463 20.607797622680664 4079
1743790521566 22.504613876342773 4089
1743790525843 22.046316146850586 4099
1743790529797 25.54469108581543 4109
1743790533951 24.05548858642578 4119
1743790538042 25.725942611694336 4129
1743790542049 17.33599090576172 4139
1743790546152 20.61556053161621 4149
1743790550454 23.851598739624023 4159
1743790554773 28.34029197692871 4169
1743790559125 22.465307235717773 4179
1743790563118 21.95899772644043 4189
1743790567243 22.448938369750977 4199
1743790571349 31.379453659057617 4209
1743790575484 21.68140983581543 4219
1743790580005 26.15815544128418 4229
1743790584414 28.953168869018555 4239
1743790588774 19.186025619506836 4249
1743790593274 25.927047729492188 4259
1743790597766 20.890766143798828 4269
1743790601753 24.4630069732666 4279
